version: 1
creator: callgrind-3.12.0
pid: 23116
cmd:  ./fssim.exe fs.txt commands.txt
part: 1


desc: I1 cache: 
desc: D1 cache: 
desc: LL cache: 

desc: Timerange: Basic block 0 - 165447
desc: Trigger: Program termination

positions: line
events: Ir
summary: 749047


ob=(1) /lib/x86_64-linux-gnu/ld-2.19.so
fl=(8) /build/eglibc-oGUzwX/eglibc-2.19/elf/../sysdeps/unix/sysv/linux/x86_64/brk.c
fn=(14) brk
31 1
-3 1
+3 6
+8 1
-6 2
+7 1

fl=(27) /build/eglibc-oGUzwX/eglibc-2.19/elf/dl-debug.c
fn=(72) _dl_debug_initialize
50 8
+5 6
+5 2
-1 1
+1 2
+1 2
-1 2
-9 4
+4 8
+4 1
-1 1
+1 4

fn=(74) _dl_debug_state
74 2

fl=(25) /build/eglibc-oGUzwX/eglibc-2.19/misc/../sysdeps/unix/syscall-template.S
fn=(68) mmap
81 45
+1 9

fn=(106) mprotect
81 24
+1 6

fn=(184) munmap
81 4
+1 1

fl=(26) /build/eglibc-oGUzwX/eglibc-2.19/string/../sysdeps/x86_64/rtld-memset.S
fn=(70) memset
30 13
+1 13
+1 13
+1 2161
+1 13
+1 13

fl=(28) /build/eglibc-oGUzwX/eglibc-2.19/elf/dl-error.c
fn=(80) _dl_catch_error
163 6
+15 3
-3 6
+1 6
-13 6
+14 6
+1 3
+2 3
cfi=(2) /build/eglibc-oGUzwX/eglibc-2.19/elf/rtld.c
cfn=(82) _dl_initial_error_catch_tsd
calls=3 797 
* 6
+2 3
-1 3
+4 3
-5 3
+2 3
+3 3
-4 3
+4 3
cfi=(29) /build/eglibc-oGUzwX/eglibc-2.19/setjmp/../sysdeps/x86_64/setjmp.S
cfn=(84) __sigsetjmp
calls=3 26 
* 57
* 9
+2 9
cfi=(33) /build/eglibc-oGUzwX/eglibc-2.19/elf/dl-deps.c
cfn=(114) openaux
calls=2 60 
* 6146
cfi=(2)
cfn=(86) map_doit
calls=1 624 
* 2606
+1 6
+2 3
+1 3
-3 3
+1 6
+1 3
+1 3
+8 12

fn=(126) _dl_receive_error
205 10
+1 1
cfi=(2)
cfn=(82)
calls=1 797 
* 2
+5 1
-1 1
-4 1
+9 1
+2 1
-3 1
+3 1
cfi=(2)
cfn=(128) version_check_doit
calls=1 656 
* 2900
+2 1
+1 1
+1 8

fl=(36) /build/eglibc-oGUzwX/eglibc-2.19/elf/dl-version.c
fn=(134) match_symbol
76 55
+9 5
-8 5
-1 10
+1 5
+8 5
+6 15
+15 5
+1 10
+2 5
+5 10
+14 72
+12 93
+4 31
-30 62
+16 5
+3 20
cfi=(17) /build/eglibc-oGUzwX/eglibc-2.19/string/../sysdeps/x86_64/multiarch/../strcmp.S
cfn=(50) strcmp
calls=5 -2 
* 409
* 10
+35 40

fn=(130) _dl_check_all_versions
380 6
+4 4
-2 2
+4 28
cfn=(132) _dl_check_map_versions
calls=4 174 
* 2815
-2 4
+2 12
-1 4
-1 8
+5 7

fn=(132)
174 36
+15 4
-15 8
+15 8
+2 4
+3 4
-3 4
+2 4
+1 4
+2 4
-3 4
+3 4
+3 8
+4 12
+17 2
56 2
220 2
56 2
220 2
56 10
+1 5
-1 10
+2 21
cfi=(30) /build/eglibc-oGUzwX/eglibc-2.19/elf/dl-misc.c
cfn=(90) _dl_name_match_p
calls=7 288 
* 510
* 16
228 6
+5 14
+19 3
-15 79
cfn=(134)
calls=3 76 
* 566
* 6
cfn=(134)
calls=2 76 
* 306
* 5
+7 20
+3 17
+9 8
-73 2
-8 2
+95 12
+3 6
+10 26
-7 104
+3 78
-3 8
+3 6
+8 4
+86 4
-86 4
+87 8
-81 12
cfi=(15) /build/eglibc-oGUzwX/eglibc-2.19/elf/dl-minimal.c
cfn=(32) calloc
calls=3 102 
* 150
* 3
+1 3
-2 3
+2 3
+11 3
-3 3
+3 6
+2 9
+3 8
+4 6
+18 3
-15 9
+2 9
-2 6
+2 6
+2 5
+1 5
-1 10
+1 5
-1 5
+1 5
+1 5
-2 5
+2 10
+1 15
+3 15
+8 6
+10 9
+3 8
+20 26
-14 26
-2 26
+2 28
-2 2
+2 2
+4 26
+2 26
-1 52
+1 26
-1 78
+1 26
+1 26
+3 84
+10 3
-1 3
+1 21

fl=(6) /build/eglibc-oGUzwX/eglibc-2.19/elf/dl-lookup.c
fn=(152) _dl_lookup_symbol_x
714 1272
476 106
714 212
476 318
-1 212
+2 106
-1 106
+1 318
-1 318
+1 1244
-1 1244
+1 3732
-1 3944
716 106
+4 106
+4 106
-8 106
+1 212
+7 300
+5 106
+2 212
-2 106
+6 848
+2 1378
cfn=(154) do_lookup_x
calls=106 82 
* 43268
+3 212
+3 7
-8 28
-7 212
+38 212
+22 99
+1 693
+26 99
+9 495
+14 297
+3 396
+5 99
+2 848
-9 2
-71 49
+16 7
+1 14

fn=(10) _dl_setup_hash
859 12
+4 4
+4 8
+2 4
-1 4
+3 12
+1 4
+1 8
+3 4
-1 4
-2 4
+3 4
+4 8
-2 4
+1 4
+1 8
+1 4

fn=(154)
82 954
+1 106
-6 106
+5 318
-5 742
+12 106
229 106
+3 212
-3 106
+3 212
98 106
-3 106
+1 106
+2 106
+3 106
-3 106
+3 106
-3 228
-3 228
+1 228
+2 228
+3 228
-3 228
+3 228
+4 668
+4 668
+4 668
+6 1002
+4 668
+1 1002
225 334
+1 668
+4 668
-2 334
+5 1336
+4 668
-1 668
+1 334
-1 668
+21 235
+24 470
461 1314
+1 230
cfi=(30)
cfn=(90)
calls=46 288 
* 1928
* 276
+3 705
+3 14
286 748
+4 231
+13 99
+1 99
-1 99
+1 99
+1 99
469 848
240 416
-1 208
+2 208
+2 312
+10 312
-7 1015
+2 198
+1 396
-1 198
+1 99
-1 396
+1 297
cfn=(156) check_match.9481
calls=99 131 
* 15564
+1 495

fn=(156)
131 693
+1 198
+2 198
+2 297
-2 198
+12 297
+3 310
cfi=(17)
cfn=(50)
calls=28 -18 
* 2051
* 56
+5 99
-1 99
+1 99
-1 99
+1 99
+2 194
+19 194
+1 776
+46 693
-18 4
+2 4
+1 6
-1 4
+1 2
-1 4
-29 291
cfi=(17)
cfn=(50)
calls=97 -46 
* 8405
* 194

fl=(1) ???
fn=(0) 0x00000000000012d0
0 2
cfi=(2)
cfn=(2) _dl_start
calls=1 361 
0 95563
0 14
cfi=(46) /build/eglibc-oGUzwX/eglibc-2.19/elf/dl-init.c
cfn=(188) _dl_init
calls=1 86 
0 1506
0 3
cob=(5) /mnt/e/Skola/c/fssim/fssim/fssim.exe
cfi=(57) ???
cfn=(228) 0x00000000004008d0
calls=1 0 
0 651959

fl=(22) /build/eglibc-oGUzwX/eglibc-2.19/elf/dl-hwcaps.c
fn=(62) _dl_important_hwcaps
39 8
+3 1
-1 1
+1 1
+9 1
-12 3
+3 1
-3 1
+3 1
+9 2
+10 4
+31 2
+23 3
cfi=(23) /build/eglibc-oGUzwX/eglibc-2.19/io/../sysdeps/unix/syscall-template.S
cfn=(64) access
calls=1 -34 
* 9
* 2
-2 1
+17 6
+3 2
+29 2
+8 2
+2 4
+1 4
+4 2
+4 1
-3 1
-1 1
+4 1
+3 2
+4 5
+1 1
-1 7
+1 1
+18 12
+1 4
cfi=(15)
cfn=(36) malloc
calls=1 93 
* 34
* 1
+1 1
-1 1
+1 3
+29 1
+3 1
-3 2
+3 1
+28 9
+1 2
-1 2
+1 6
-1 8
+5 6
+3 1
-3 1
+3 2
-3 1
+3 1
-3 2
+3 1
-3 1
+3 2
-3 1
+3 3
+1 12
+1 4
-1 4
+1 8
-2 4
+1 8
-1 14
+4 4
+3 1
+2 2
-1 1
-1 2
+2 10
+13 2
+1 1
-1 1
+3 2
-3 2
+1 1
-1 1
+3 2
+3 3
+3 1
-1 1
+1 7
145 2
-14 2
243 3
cfi=(24) /build/eglibc-oGUzwX/eglibc-2.19/string/../sysdeps/x86_64/memcpy.S
cfn=(66) mempcpy
calls=1 61 
* 22
+1 2
-1 2
+1 1
cfi=(24)
cfn=(66)
calls=1 61 
* 22
* 4

fl=(70) /build/eglibc-oGUzwX/eglibc-2.19/elf/dl-open.c
fn=(296) _dl_find_dso_for_object
182 5
+1 4
+1 12
+1 2
+3 2
+4 1
-9 6

fl=(59) /build/eglibc-oGUzwX/eglibc-2.19/elf/../elf/dl-runtime.c
fn=(238) _dl_fixup
66 38
+6 38
-6 57
+3 19
-1 19
+1 19
+3 19
+1 19
-1 38
+1 95
+1 19
-1 19
+1 38
+5 38
+4 38
+4 57
+4 36
+1 72
+2 72
+7 57
-1 19
+8 38
+3 171
cfi=(6)
cfn=(152)
calls=19 714 
* 13030
* 19
+4 57
+4 76
+6 114
+16 19
-8 19
+8 57
+4 57
fi=(5) /build/eglibc-oGUzwX/eglibc-2.19/elf/../sysdeps/x86_64/dl-machine.h
+65 19
fe=(59)
-61 95
-64 2
fi=(80) /build/eglibc-oGUzwX/eglibc-2.19/elf/../sysdeps/x86_64/dl-irel.h
-53 3
cob=(3) /lib/x86_64-linux-gnu/libc-2.19.so
cfi=(39) /build/eglibc-oGUzwX/eglibc-2.19/string/../sysdeps/x86_64/multiarch/strcmp.S
cfn=(434) strcmp
calls=1 +56 
* 9
cob=(3)
cfi=(89) /build/eglibc-oGUzwX/eglibc-2.19/string/../sysdeps/x86_64/multiarch/memcpy.S
cfn=(410) memcpy@@GLIBC_2.14
calls=1 * 
* 7
cob=(3)
cfi=(81) /build/eglibc-oGUzwX/eglibc-2.19/string/../sysdeps/x86_64/multiarch/strcpy.S
cfn=(348) strcpy
calls=1 +32 
* 6
* 6
fe=(59)

fl=(21) /build/eglibc-oGUzwX/eglibc-2.19/elf/dl-load.c
fn=(96) open_verify
1873 10
+36 1
-36 2
+36 2
+21 4
cfi=(23)
cfn=(98) open
calls=1 81 
* 5
+1 1
-1 1
+1 1
+10 1
+1 2
+5 6
cfi=(23)
cfn=(100) read
calls=1 81 
* 5
+2 2
+2 1
+2 1
-2 2
+2 1
+6 2
+16 5
cfi=(12) /build/eglibc-oGUzwX/eglibc-2.19/string/../string/memcmp.c
cfn=(26) bcmp
calls=1 315 
* 88
* 2
+2 1
-2 2
+4 4
cfi=(12)
cfn=(26)
calls=1 315 
* 80
-4 2
+75 2
+5 2
+3 4
+5 2
+7 1
+1 1
-1 4
+1 3
+1 1
+15 61
+2 19
+4 4
+1 2
+13 1
+1 1
+2 1
-3 1
+1 1
-1 1
+1 1
-2 1
+4 2
-7 4
cfi=(12)
cfn=(26)
calls=1 315 
* 80
* 2
-97 3
2154 8

fn=(102) _dl_map_object_from_fd
923 24
+11 2
-11 2
+11 2
-11 4
+11 2
cfi=(27)
cfn=(72)
calls=2 50 
* 16
+4 6
-4 2
+4 2
cfi=(32) /build/eglibc-oGUzwX/eglibc-2.19/io/../sysdeps/unix/sysv/linux/wordsize-64/fxstat.c
cfn=(104) _fxstat
calls=2 34 
* 20
* 4
+11 14
+1 6
-1 15
+1 20
+17 4
+25 4
+10 4
+22 8
+32 4
935 2
1059 14
cfi=(13) /build/eglibc-oGUzwX/eglibc-2.19/elf/dl-object.c
cfn=(28) _dl_new_object
calls=2 61 
* 1092
+1 2
-1 2
+1 2
+11 4
+5 2
-5 2
+1 4
+1 2
+2 2
-2 2
+2 8
+1 6
+1 2
+24 4
+8 2
-8 18
+8 2
-8 2
+8 2
+89 2
-95 2
-1 2
+96 2
1092 2
1198 4
+8 10
-96 32
-1 136
+1 104
+6 4
+1 6
+1 2
+3 2
+1 1
+5 20
+6 8
+1 4
-1 16
+8 4
+2 8
-2 4
+1 4
+4 4
-5 8
+1 8
+1 4
+1 4
+3 4
+4 4
-9 4
+2 4
+1 4
+1 4
+1 4
+4 4
+1 6
+5 4
-16 2
+16 10
+10 2
-10 4
-16 2
+16 10
+10 2
+3 3
+5 1
-1 1
+3 1
-1 1
-1 1
+1 1
+3 3
+1 2
+3 2
+4 4
+6 1
cfi=(35) /build/eglibc-oGUzwX/eglibc-2.19/elf/dl-tls.c
cfn=(124) _dl_next_tls_modid
calls=1 50 
* 8
* 2
+1 1
+60 4
+1 6
+1 2
-6 4
+1 8
+8 6
+13 16
+2 4
+14 2
+5 12
cfi=(25)
cfn=(68)
calls=2 81 
* 12
+4 2
-4 2
+4 2
+7 2
+1 2
-1 2
+1 2
+2 2
-3 2
+1 2
+2 2
+10 2
+2 2
+33 12
+1 6
+2 8
+8 16
+6 2
+2 2
-2 2
+1 2
+2 2
-1 2
+1 2
-1 6
+8 4
+3 4
+11 14
cfi=(26)
cfn=(70)
calls=2 30 
* 1908
+1 10
+5 4
+15 4
-74 20
+2 8
+2 16
cfi=(25)
cfn=(68)
calls=2 81 
* 12
* 4
-30 2
-1 10
cfi=(25)
cfn=(106)
calls=2 81 
* 10
* 2
1072 2
1418 8
+9 4
fi=(3) /build/eglibc-oGUzwX/eglibc-2.19/elf/get-dynamic-info.h
38 2
fe=(21)
1427 2
fi=(3)
38 2
+6 2
-2 2
+2 4
+7 2
+5 2
+3 2
-1 2
-3 2
-3 36
+10 8
-18 24
+8 35
+10 35
-18 105
+18 2
-18 6
+2 90
+5 40
+2 8
+16 4
+20 7
+1 8
+1 8
+1 8
+2 8
+5 8
+1 7
+1 8
+6 6
+5 4
+7 4
+1 6
+16 6
+5 1
+2 1
-2 1
+2 1
+2 2
+2 2
+3 6
+10 1
-8 2
+9 2
-1 1
+5 2
+3 4
fe=(21)
1433 4
+16 6
+19 4
+2 10
+55 6
+1 2
+3 2
cfi=(23)
cfn=(110) close
calls=1 81 
* 5
* 2
cfi=(23)
cfn=(110)
calls=1 81 
* 5
* 4
+8 10
+3 6
+2 2
-2 2
+2 2
+16 4
cfi=(6)
cfn=(10)
calls=2 859 
* 50
+4 4
+1 4
+17 4
+1 1
+3 1
+5 1
-5 1
+1 2
+4 1
-5 1
+5 1
-5 1
+1 2
+4 1
+10 6
cfi=(13)
cfn=(44) _dl_add_to_namespace_list
calls=2 32 
* 84
+4 8
+20 16
fi=(3)
56 8
+3 8
+1 2
+1 8
fe=(21)
1356 5
+2 1
-1 3
+1 2
-1 1
+1 2
-1 2
+3 4
+43 8
cfi=(25)
cfn=(68)
calls=1 81 
* 6
+3 2
1537 4
474 2

fn=(88) _dl_map_object
2317 24
+7 3
-7 6
+7 3
+1 6
+3 27
+12 12
-12 18
+5 21
+1 14
+2 21
cfi=(30)
cfn=(90)
calls=7 288 
* 492
* 15
2607 24
2362 4
+10 12
+26 4
-2 2
+2 2
cfi=(31) /build/eglibc-oGUzwX/eglibc-2.19/string/../sysdeps/x86_64/multiarch/../strchr.S
cfn=(92) index
calls=2 24 
* 46
* 4
2538 6
cfn=(94) expand_dynamic_string_token
calls=1 415 
* 316
+1 1
-3 1
+4 1
-1 2
+4 6
cfn=(96)
calls=1 1873 
* 447
+3 1
-3 1
+3 1
+12 8
+2 4
+44 2
+1 16
-1 2
+1 6
cfn=(102)
calls=2 923 
* 4930
* 2
2402 2
cfi=(9) /build/eglibc-oGUzwX/eglibc-2.19/string/../sysdeps/x86_64/multiarch/../rtld-strlen.S
cfn=(18) strlen
calls=1 26 
* 63
* 1
+2 1
-2 1
+2 1
+7 4
+35 2
+7 6
691 1
2454 1
691 2
2530 2
-95 4
+11 3
+10 2
+6 4
+2 3
+4 2
cfi=(34) /build/eglibc-oGUzwX/eglibc-2.19/elf/dl-cache.c
cfn=(116) _dl_load_cache_lookup
calls=1 182 
* 1237
+2 1
-2 1
+2 1
+4 3
+8 2
+22 9
cfn=(122) open_verify.constprop.6
calls=1 1871 
* 529
+3 3
161 3
cfi=(9)
cfn=(18)
calls=1 26 
* 81
* 1
+1 2
cfi=(15)
cfn=(36)
calls=1 -69 
* 34
* 1
+2 3
+3 4
cfi=(16) /build/eglibc-oGUzwX/eglibc-2.19/string/../sysdeps/x86_64/multiarch/../memcpy.S
cfn=(42) memcpy
calls=1 61 
* 82
2510 1
-1 1
+1 2
-74 7
691 1
2437 1
691 2
2415 1
+8 3
-7 3
-1 1
+8 8
-3 3
691 1
2421 1
691 2
2341 18
+3 2
+2 2
-1 4
+1 2
cfi=(17)
cfn=(50)
calls=2 131 
* 21
* 4

fn=(60) _dl_init_paths
714 1
+13 2
-13 8
+13 3
cfi=(22)
cfn=(62)
calls=1 39 
* 351
+5 1
-5 1
+5 1
cfi=(15)
cfn=(36)
calls=1 93 
* 34
* 1
+1 1
-1 1
-1 1
+2 1
+8 1
-1 1
+1 4
-1 4
+5 2
cfi=(15)
cfn=(36)
calls=1 93 
* 55
* 1
+2 1
-3 1
+3 2
+29 1
-12 1
-10 1
+11 1
+3 2
+8 1
-12 1
+3 2
-14 1
+9 1
+5 3
+9 2
-7 27
cfi=(26)
cfn=(70)
calls=4 30 
* 88
+7 16
-12 3
+12 6
-14 3
+3 6
-1 3
+3 3
-5 3
+6 12
+4 3
-3 3
+3 6
-3 3
-7 6
+25 1
-11 1
+6 1
+1 1
+5 2
+2 4
+2 3
+38 2
+55 1
+1 8
-75 1
-2 1
+2 2
+14 2

fn=(94)
415 8
+10 3
cfi=(31)
cfn=(92)
calls=1 24 
* 88
* 2
161 2
cfi=(9)
cfn=(18)
calls=1 26 
* 104
* 1
+1 2
cfi=(15)
cfn=(36)
calls=1 -69 
* 34
* 1
+2 2
+3 3
440 5
167 1
cfi=(16)
cfn=(42)
calls=1 61 
* 60

fn=(122)
1871 10
+38 1
-38 1
+38 2
+21 4
cfi=(23)
cfn=(98)
calls=1 81 
* 5
+1 1
-1 1
+1 1
+10 1
+1 2
+5 6
cfi=(23)
cfn=(100)
calls=1 81 
* 5
+2 2
+2 1
+2 1
-2 2
+2 1
+6 2
+16 5
cfi=(12)
cfn=(26)
calls=1 315 
* 88
* 2
+2 1
-2 2
+4 4
cfi=(12)
cfn=(26)
calls=1 315 
* 80
-4 2
+75 2
+5 2
+3 4
+5 2
+7 1
+1 1
-1 5
+1 3
+1 1
-2 1
+17 45
+2 17
+4 4
+1 2
+13 1
+1 1
+2 1
-3 1
+1 1
-1 1
+1 1
-2 1
+4 2
+5 1
+1 1
-13 4
cfi=(12)
cfn=(26)
calls=1 315 
* 73
* 4
cfi=(12)
cfn=(26)
calls=1 315 
* 80
* 4
+16 2
+6 1
-3 1
+1 1
+1 1
+1 2
+1 4
-4 1
+1 1
+1 1
-1 3
-1 1
+4 2
+28 8

fl=(7) /build/eglibc-oGUzwX/eglibc-2.19/elf/../elf/dl-sysdep.c
fn=(180) _dl_sysdep_start_cleanup
256 1

fn=(12) _dl_sysdep_start
86 7
+25 1
-1 1
+1 1
-25 1
+25 60
+6 1
-3 1
+1 1
-4 1
+3 1
+3 4
+1 6
-1 3
-29 1
-1 2
+31 99
-1 78
fi=(19) /build/eglibc-oGUzwX/eglibc-2.19/elf/../sysdeps/unix/sysv/linux/dl-sysdep.c
-82 2
cfi=(8)
cfn=(14)
calls=1 -4 
* 12
fi=(5)
200 5
fe=(7)
+34 2
cfi=(10) /build/eglibc-oGUzwX/eglibc-2.19/elf/../misc/sbrk.c
cfn=(20) sbrk
calls=1 34 
* 17
* 3
+12 3
+3 6
cfi=(2)
cfn=(22) dl_main
calls=1 887 
* 94355
+1 1
+1 8
151 1
+1 1
+27 1
+1 1
-17 1
+1 1
-7 1
+1 1
-4 1
+1 1
-25 1
+1 1
-4 1
+1 1
-7 1
+1 1
+2 1
+1 1
232 1
cfi=(9)
cfn=(18)
calls=1 26 
* 39
* 2

fl=(24)
fn=(66)
61 5
+4 5
+3 4
+1 4
+2 1
+1 1
+2 1
+1 1
+5 1
+1 1
-1 3
+1 3
+2 3
+1 3
+2 3
+1 3
+5 3
+1 3
-1 1
+1 1
+2 2
+1 2
+2 2
+1 2
+5 2
+1 2
-1 2
+1 2
+11 4
+1 5
+5 1
+1 1
+1 1
+1 1
+2 1
+2 1
+1 1
+2 1
+6 4
+4 4
+12 2
+2 2
+1 2
+26 2
+1 2
+3 2
+1 2
+1 2
+5 2
+2 2
+1 2
+1 2
+1 2
+2 2
+1 2
+1 2
+1 2
+2 2
+1 2
+2 2
+2 1
+2 1
+1 1
+1 1
+1 1
+2 1
+1 1
+1 1
+1 1
+2 1
+1 1
+2 2
+5 1
+2 1
-2 1
+2 1
+2 1
+7 1

fl=(34)
fn=(116)
182 8
+8 2
+3 3
+51 3
+9 1
+6 2
-6 3
+6 1
cfi=(23)
cfn=(64)
calls=1 81 
* 9
* 1
+4 1
-10 1
+10 3
+15 124
cfn=(120) _dl_cache_libcmp
calls=8 138 
* 593
* 47
-82 4
cfi=(30)
cfn=(118) _dl_sysdep_read_whole_file
calls=1 45 
* 67
+8 1
-8 1
+8 4
+1 4
cfi=(12)
cfn=(26)
calls=1 315 
* 112
* 2
+7 1
-3 1
+3 3
+3 1
+1 2
-1 1
+1 1
+1 3
cfi=(12)
cfn=(26)
calls=1 +98 
* 89
* 2
+2 2
+59 13
cfn=(120)
calls=1 138 
* 72
* 4
-14 4
+14 1
-14 2
-1 3
+15 21
+16 2
+5 9
-21 3

fn=(120)
138 27
+1 20
+2 90
+2 45
-2 45
+2 2
+6 1
+2 1
-1 1
-1 1
+1 1
-1 1
+2 3
+2 5
+2 2
+6 88
+2 160
+4 36
+1 36
-29 72
+32 2
+1 2
-8 8
+8 16

fn=(182) _dl_unload_cache
309 4
-1 1
+3 2
cfi=(25)
cfn=(184)
calls=1 81 
* 5
+1 1
+2 2

fl=(38) /build/eglibc-oGUzwX/eglibc-2.19/elf/dl-reloc.c
fn=(146) _dl_relocate_object
154 40
+15 4
-15 8
+15 4
+1 16
+6 8
+6 12
-18 8
+22 8
+7 8
-32 4
+77 4
fi=(5)
71 4
fe=(38)
238 8
fi=(5)
71 12
fe=(38)
264 180
-99 15
fi=(5)
276 24
fe=(38)
-12 3
fi=(4) /build/eglibc-oGUzwX/eglibc-2.19/elf/do-rel.h
48 3
fe=(38)
264 3
fi=(4)
58 3
fe=(38)
264 3
fi=(4)
47 6
+11 6
fe=(38)
264 1
-99 5
fi=(5)
276 8
fe=(38)
-12 1
fi=(4)
48 1
fe=(38)
264 1
fi=(4)
58 1
fe=(38)
264 1
fi=(4)
47 2
+11 2
fe=(38)
264 4
fi=(4)
48 4
fe=(38)
264 4
fi=(4)
58 4
fe=(38)
264 4
fi=(4)
47 8
+11 8
+3 12
fi=(5)
503 58
+4 58
+2 87
+1 29
fi=(4)
61 99
+2 102
+2 17
-4 3
+13 6
+1 5
+1 10
fi=(5)
503 5
+24 5
fi=(4)
75 5
fi=(5)
527 5
+2 5
cob=(3)
cfi=(45) /build/eglibc-oGUzwX/eglibc-2.19/string/../sysdeps/x86_64/multiarch/memmove.c
cfn=(174) memcpy@GLIBC_2.2.5
calls=1 49 
* 13
cob=(3)
cfi=(44) /build/eglibc-oGUzwX/eglibc-2.19/time/../sysdeps/unix/sysv/linux/x86_64/gettimeofday.c
cfn=(170) gettimeofday
calls=1 31 
* 68
cob=(3)
cfi=(39)
cfn=(168) strncasecmp
calls=1 140 
* 6
cob=(3)
cfi=(41) /build/eglibc-oGUzwX/eglibc-2.19/time/../sysdeps/unix/sysv/linux/x86_64/time.c
cfn=(162) time
calls=1 37 
* 68
cob=(3)
cfi=(39)
cfn=(158) strcasecmp
calls=1 114 
* 92
fi=(4)
75 5
fi=(5)
530 5
fi=(4)
75 7
fe=(38)
264 3
fi=(4)
75 7
fe=(38)
264 21
+3 12
+28 4
+3 8
+17 12
+2 32
fi=(4)
84 5
+2 10
+12 5
-15 5
+15 5
-15 5
+15 5
+10 6
+3 8
fi=(5)
487 2
fi=(4)
112 4
fi=(5)
487 1196
fi=(4)
112 2384
fi=(5)
487 2384
+5 2388
+1 2388
fi=(4)
111 2388
fi=(5)
493 1194
fi=(4)
111 1194
+7 15
+3 4
+3 4
-3 4
+3 4
fi=(5)
422 3
fi=(4)
50 3
fi=(5)
422 3
fi=(4)
51 3
fi=(5)
422 12
fi=(4)
127 380
+9 190
+3 190
fi=(5)
244 95
fi=(4)
138 95
-2 95
+1 380
fi=(5)
244 95
+21 190
+4 190
+7 1805
fi=(4)
137 75
+1 75
fi=(5)
276 150
fi=(4)
137 75
fi=(5)
276 249
fi=(4)
137 6
+1 6
fi=(5)
276 12
fi=(4)
137 6
fi=(5)
276 1071
cfi=(6)
cfn=(152)
calls=81 714 
* 47712
* 405
+2 252
+3 93
-3 186
+3 279
+6 665
fe=(38)
183 8
+81 5
fi=(5)
77 6
+4 9
+14 3
-8 3
+8 6
+13 6
+3 12
410 252
fi=(4)
124 297
+19 6
fi=(5)
276 33
382 30
+4 50
+5 50
-71 2
+1 3
fi=(4)
108 3
fe=(38)
323 8
+1 4
+1 4
-1 4
-1 8
+2 4
+3 8
+1 12
cfi=(25)
cfn=(106)
calls=4 81 
* 20
* 8
fi=(4)
160 8
+2 24
+8 12
+1 6
-1 6
+1 6
fi=(5)
+73 6
fi=(4)
-74 12
fi=(5)
+74 6
+21 12
+4 12
+7 162
cfi=(6)
cfn=(152)
calls=6 714 
* 3013
* 24
+2 18
+3 1
-3 2
+3 3
+6 42
410 18
fi=(4)
160 18
+14 5
fi=(5)
276 90
fe=(38)

fl=(32)
fn=(104)
34 3
-1 3
+1 3
+1 18
+4 3

fl=(20) /build/eglibc-oGUzwX/eglibc-2.19/posix/../sysdeps/unix/syscall-template.S
fn=(58) uname
81 4
+1 1

fl=(58) /build/eglibc-oGUzwX/eglibc-2.19/elf/../sysdeps/x86_64/dl-trampoline.S
fn=(236) _dl_runtime_resolve
34 19
+2 19
+1 19
+1 19
+1 19
+1 19
+1 19
+1 19
+1 19
+1 19
+1 19
cfi=(59)
cfn=(238)
calls=19 +21 
* 14630
+1 19
+1 19
+1 19
+1 19
+1 19
+1 19
+1 19
+1 19
+1 19
+2 19

fl=(2)
fn=(2)
361 9
+18 4
fi=(3)
44 1
fe=(2)
379 1
fi=(5)
58 3
fi=(3)
-14 1
fe=(2)
408 1
-3 1
fi=(3)
44 1
+17 2
-3 1
-7 1
+5 1
+3 1
+2 1
-3 1
-3 1
-3 2
-5 26
+15 13
-18 39
+18 1
-18 3
+2 36
+5 20
+1 16
+10 4
-18 12
+25 2
+20 4
+1 4
+1 4
+1 4
+2 4
+5 4
+1 4
+1 4
+6 3
+5 2
+7 3
+1 3
+8 3
+2 3
+3 2
+1 2
fe=(2)
536 2
+7 1
284 2
+12 2
cfi=(6)
cfn=(10)
calls=1 859 
* 25
+1 2
+1 2
+1 2
+1 2
+21 1
+10 1
-10 3
+10 1
-6 1
-4 1
+10 1
cfi=(7)
cfn=(12)
calls=1 86 
* 94743
* 1
+9 4
+3 1
+4 1
-4 1
+4 1
568 9
fi=(3)
53 4
+3 4
fe=(2)
541 34
fi=(4)
84 1
+27 1
-28 1
+28 2
+1 2
fi=(5)
492 2
fi=(4)
112 18
fi=(5)
492 18
+1 20
fi=(4)
111 20
fi=(5)
493 10
fi=(4)
111 10
+5 2
+8 1
fi=(5)
287 1
fi=(4)
124 2
+13 1
+2 2
-2 1
fi=(5)
241 1
fi=(4)
137 1
fi=(5)
269 1
fi=(4)
137 2
fi=(5)
269 1
fi=(4)
137 8
+2 16
-2 8
fi=(5)
241 8
fi=(4)
137 8
fi=(5)
269 8
fi=(4)
137 16
fi=(5)
269 8
+9 18
+3 9
-3 18
+3 27
+6 54
fi=(3)
59 4
+1 1
+1 2
fe=(2)
284 73
fi=(5)
391 9
+9 9
fi=(4)
124 28
fe=(2)

fn=(46) rtld_lock_default_lock_recursive
837 10

fn=(86)
624 2
+2 7
cfi=(21)
cfn=(88)
calls=1 2317 
* 2594
* 1
+2 2

fn=(48) rtld_lock_default_unlock_recursive
843 10

fn=(78) do_preload
803 1
+12 1
-12 5
+10 1
-4 1
+1 1
+5 4
-10 1
+6 1
+4 1
cfi=(28)
cfn=(80)
calls=1 163 
* 2667
+1 3
+8 3
+6 5

fn=(22)
887 1
+19 1
-19 9
+19 1
+3 1
2488 1
887 1
2488 1
909 1
+4 1
-26 1
+26 1
+1 2
+5 2
2481 2
+7 1
-4 1
+4 1
-5 1
+5 9
+2 2
cfi=(11) /build/eglibc-oGUzwX/eglibc-2.19/elf/dl-environ.c
cfn=(24) _dl_next_ld_env_entry
calls=1 30 
* 122
* 2
cfi=(11)
cfn=(24)
calls=1 30 
* 6
* 6
+4 19
+1 7
-1 21
+3 2
+6 8
+23 4
cfi=(12)
cfn=(26)
calls=1 315 
* 26
* 2
2653 3
+33 3
929 4
1128 7
cfi=(13)
cfn=(28)
calls=1 61 
* 248
+2 1
-2 1
+2 1
+1 1
+1 1
+5 2
-5 1
+1 3
+4 1
cfi=(13)
cfn=(44)
calls=1 32 
* 34
+1 2
896 1
1167 1
-3 1
-5 1
+1 1
+2 1
+5 6
+56 2
893 1
1223 2
-55 24
-1 27
+1 47
-1 2
1270 3
+3 2
+2 2
+2 2
+13 3
+1 8
cfi=(17)
cfn=(50)
calls=1 131 
* 7
* 3
+7 1
+3 1
-5 1
+3 1
+2 1
+1 2
+4 2
+2 2
fi=(3)
29 1
+9 2
+6 1
-2 1
+2 2
+7 1
+5 1
+3 1
+2 1
-3 1
-3 1
-3 14
+10 3
-18 9
+8 19
+10 19
-18 57
+18 1
-18 3
+2 46
+5 16
+2 4
+16 3
+38 3
+5 2
+7 2
+1 3
+16 3
+14 3
+18 2
fe=(2)
1313 2
cfi=(6)
cfn=(10)
calls=1 859 
* 25
+3 4
fi=(18) /build/eglibc-oGUzwX/eglibc-2.19/elf/setup-vdso.h
24 2
fe=(2)
1338 1
cfi=(19)
cfn=(56) _dl_discover_osversion
calls=1 45 
* 85
* 8
1172 3
+1 1
+90 2
+1 2
+1 1
-6 2
+1 1
-37 2
-1 2
+1 4
-1 2
+2 4
+1 1
+3 2
+1 2
-1 2
+1 2
+1 2
+1 6
+1 2
-43 1
-2 2
+27 1
-25 1
+7 2
-10 1
+10 1
-19 3
+1 1
fi=(3)
56 4
+3 4
+1 1
+1 3
fe=(2)
2533 4
cfi=(12)
cfn=(26)
calls=1 315 
* 80
* 2
+2 3
1343 2
cfi=(21)
cfn=(60)
calls=1 714 
* 717
+3 3
cfi=(27)
cfn=(72)
calls=1 50 
* 17
+7 1
-7 1
+2 1
+5 1
+3 3
+1 1
+3 1
-3 3
+1 2
+3 1
+5 1
-7 1
+7 1
+1 5
+4 1
+4 1
-2 4
+1 2
+1 3
+5 2
+1 6
+2 2
+1 2
+5 2
+5 3
902 1
1575 3
+3 2
+4 3
+5 2
+1 1
cfi=(27)
cfn=(74)
calls=1 74 
* 1
+5 3
+15 3
+4 3
+31 3
cfi=(23)
cfn=(64)
calls=1 81 
* 9
* 2
+77 4
+17 3
+1 1
-1 1
+1 2
-1 1
+1 5
cfi=(33)
cfn=(112) _dl_map_object_deps
calls=1 147 
* 7640
+1 1
+5 1
-5 3
+2 2
+3 4
+1 4
-1 2
+1 12
-1 6
+4 3
+1 3
+1 1
+2 2
+1 5
-1 4
+1 4
-1 6
-28 1
+1 1
-1 7
+4 1
+1 1
-1 1
+2 2
+1 2
+35 1
-1 2
+1 1
+2 1
+2 3
+2 1
-4 2
+5 1
-1 2
+14 2
+1 2
+1 3
+12 1
+1 1
-2 1
+2 1
-2 1
+2 1
-2 1
+2 1
-2 1
+2 1
cfi=(28)
cfn=(126)
calls=1 205 
* 2930
+10 1
+1 1
-1 1
+1 1
+1 1
cfn=(136) init_tls
calls=1 723 
* 615
* 1
+2 2
+3 1
cfn=(142) security_init
calls=1 850 
* 20
+2 2
2050 3
+56 1
+4 1
+7 1
-11 1
+4 3
+4 2
+3 1
+8 2
+95 4
+1 1
+5 2
cfi=(35)
cfn=(178) _dl_allocate_tls_init
calls=1 376 
* 275
+4 2
+14 3
+2 2
+29 1
cfi=(7)
cfn=(180)
calls=1 256 
* 1
+4 3
+20 3
cfi=(27)
cfn=(72)
calls=1 50 
* 8
+1 1
+1 1
cfi=(27)
cfn=(74)
calls=1 74 
* 1
+5 1
cfi=(34)
cfn=(182)
calls=1 309 
* 15
+5 8
-65 2
+15 1
+3 1
-3 1
+3 1
-3 2
+3 2
-3 1
+2 1
+1 1
cfi=(38)
cfn=(146)
calls=1 154 
* 6295
+1 4
+2 3
-96 3
+7 1
+2 11
+2 1
+2 12
+5 8
+2 8
+8 4
-2 4
+2 8
+1 24
cfi=(38)
cfn=(146)
calls=3 154 
* 70055
+4 14
-22 12
+25 4
+2 1
+6 1
-6 1
+6 1
-22 1
+1 1
-3 2
+14 2
cfi=(35)
cfn=(176) _dl_add_to_slotinfo
calls=1 831 
* 20
* 1
-69 1
895 2
1763 2
+21 3
1619 2
cfi=(9)
cfn=(18)
calls=1 26 
* 115
* 8
cfi=(16)
cfn=(42)
calls=1 61 
* 82
* 1
+3 5
-12 1
+12 1
+3 3
cfi=(15)
cfn=(76) strsep
calls=1 338 
* 1117
* 3
cfi=(15)
cfn=(76)
calls=1 338 
* 6
* 6
+1 2
+1 3
+2 4
cfn=(78)
calls=1 803 
* 2695
* 2
1332 3
1631 1
+1 1
-1 3
+1 1
+1 3

fn=(82)
797 8

fn=(136)
723 1
-1 1
-6 1
+2 2
+4 1
+10 4
cfi=(15)
cfn=(32)
calls=1 102 
* 43
* 1
+11 1
-15 1
+3 1
+6 1
+2 1
-11 1
+15 1
+2 1
-1 1
+1 10
+2 8
+4 1
+2 1
-2 2
-5 8
+9 3
+3 1
cfi=(35)
cfn=(138) _dl_determine_tlsoffset
calls=1 112 
* 73
+7 1
cfi=(35)
cfn=(140) _dl_allocate_tls_storage
calls=1 328 
* 428
+1 1
-1 1
+1 1
+6 1
+8 1
-8 1
+8 6
+4 1
+2 1
+1 2

fn=(128)
656 2
+2 4
cfi=(36)
cfn=(130)
calls=1 380 
* 2890
* 2
+4 2

fn=(142)
850 2
+2 1
fi=(37) /build/eglibc-oGUzwX/eglibc-2.19/elf/../sysdeps/unix/sysv/linux/dl-osinfo.h
61 2
+23 2
+2 1
+7 1
fe=(2)
854 1
+7 1
fi=(37)
101 2
+11 1
fe=(2)
863 1
+7 1
-5 1
+6 3

fl=(17)
fn=(50)
131 257
+1 257
+1 257
+1 144
+1 144
+1 144
+1 144
cfn=(51) strcmp'2
calls=144 -6 
* 10381
+5 113
+1 113
+1 113
+1 113

fn=(51)
131 1445
+1 1445
+1 1445
+1 1434
+1 1434
+1 1434
+1 1434
cfn=(51)
calls=1301 -6 
* 55333
+2 133
+1 133
+2 11
+1 11
+1 11
+1 11

fl=(102) /build/eglibc-oGUzwX/eglibc-2.19/elf/dl-fini.c
fn=(566) _dl_sort_fini
32 9
+2 1
-2 4
+2 1
+6 1
-1 2
+2 1
-1 1
-1 2
+1 4
+1 1
cfi=(26)
cfn=(70)
calls=1 -11 
* 14
* 1
+15 8
+62 5
+3 18
cfi=(26)
cfn=(70)
calls=2 -91 
* 18
* 8
-75 4
-1 6
+1 2
+4 6
+71 1
-75 2
-1 3
+1 1
+4 9
+6 3
+1 3
-1 3
+1 5
+2 8
+1 4
-1 4
+1 4
+3 6
-1 9
+31 9
+21 3
-57 6
+61 11
+7 8

fn=(564) _dl_fini
131 3
+12 1
-12 5
+19 1
-6 1
+9 10
+3 2
cfi=(2)
cfn=(46)
calls=1 837 
* 2
+3 2
+3 2
+2 6
+7 1
+4 1
-4 1
+4 3
+2 2
+3 9
+3 2
+10 8
+2 8
+2 4
+2 4
-2 8
+6 4
-5 4
-7 12
+14 2
+5 6
cfn=(566)
calls=1 32 
* 219
+9 2
cfi=(2)
cfn=(48)
calls=1 843 
* 2
+4 4
+2 1
+2 3
-2 3
+2 9
+3 8
+3 12
+4 4
+7 4
+4 2
+1 2
-1 2
+2 4
+1 6
+1 4
cob=(4) /usr/local/valgrind-3.12.0/lib/valgrind/vgpreload_core-amd64-linux.so
cfi=(47) ???
cfn=(580) 0x00000000000006a0
calls=1 0 
* 769
cob=(5)
cfi=(57)
cfn=(568) 0x0000000000400970
calls=1 0 
* 16
-1 6
+5 6
+1 6
cob=(2) ???
cfi=(14) ???
cfn=(604) 0x0000000004a2587c
calls=1 0 
* 3
cob=(2)
cfi=(14)
cfn=(578) 0x00000000004020c4
calls=1 0 
* 3
+5 24
+16 8
-55 9
-70 2
283 6
-49 4
+55 2
+7 8

fl=(35)
fn=(178)
376 7
+1 1
-1 1
+1 1
+4 2
+3 1
-1 1
-2 1
+8 3
+5 7
+6 7
+22 2
+1 4
+2 2
+9 1
-8 1
+8 2
-8 1
+8 1
+1 1
+1 3
cfi=(24)
cfn=(66)
calls=1 61 
* 23
* 5
cfi=(26)
cfn=(70)
calls=1 30 
* 166
* 3
-42 5
+6 2
+3 1
+1 2
+6 1
+3 1
-3 2
+3 1
-1 2
+38 2
+2 1
+1 8

fn=(562) __tls_get_addr
770 1
+2 3
+3 3
+2 2
+3 1
+1 1

fn=(124)
50 1
+3 3
+48 2
+4 2

fn=(140)
328 1
+13 1
-13 2
+2 1
+11 2
cfi=(15)
cfn=(40) __libc_memalign
calls=1 51 
* 51
* 1
+1 1
-1 1
+1 1
+7 1
+4 306
-58 1
+1 1
-1 1
+1 2
cfi=(15)
cfn=(32)
calls=1 102 
* 43
* 1
+1 2
+9 1
-6 1
+6 1
+64 5

fn=(176)
831 3
+9 1
-9 1
+6 2
+8 5
+41 1
+1 3
+1 4

fn=(138)
112 7
+6 3
+3 2
+36 1
-34 1
+34 2
+2 3
-2 1
-2 1
-40 1
-1 1
-1 2
+44 6
+5 1
-1 1
+5 2
-4 1
-1 1
+7 1
-7 1
+3 2
+2 1
+2 1
-2 2
+16 5
+2 1
+1 1
-1 2
+10 1
-12 4
+15 4
+1 1
+51 1
+1 8

fl=(31)
fn=(92)
24 5
+1 5
+1 5
+1 5
+1 5
+1 5
+1 5
+1 5
+1 5
+1 5
+1 5
+1 5
+1 5
+1 5
+1 5
+1 5
+1 5
+1 3
+4 3
+1 3
+1 3
+1 3
+2 3
+4 2
+1 2
+1 2
+1 2
+1 2
+1 2
+1 2
+1 2
+1 2
+1 2
+1 2
+1 2
+1 2
+1 2
+1 2
+1 2
+1 2
+1 2
+1 2
+1 2
+1 2
+1 2
+1 2
+1 3
+5 1
+1 1
+3 1
+1 1
+1 1
+1 1
+1 1
+1 1
+1 1
+1 1
+1 1
+1 1
+1 1
+1 1
+1 1
+1 1
+1 1
+1 1
+1 1
+1 1
+2 1
+1 1
+2 1
+1 1
+1 1
+1 1
+1 1
+1 1
+1 1
+1 1
+2 1
+1 1
+1 1
+1 1
+1 1
+1 1
+1 1
+1 1
+1 1
+1 1
+3 1
+4 1
+1 1
+1 1
+1 1
+2 1
-9 1
+4 1
+1 1
+1 1
+1 1
+2 1

fl=(30)
fn=(90)
288 300
+1 120
cfi=(17)
cfn=(50)
calls=60 131 
* 427
* 60
+1 60
-1 60
+3 60
+2 120
+4 61
-4 122
+1 192
cfi=(17)
cfn=(50)
calls=64 131 
* 860
* 128
-5 3
+11 72
-1 57
+1 228

fn=(118)
45 1
+7 1
-7 3
+7 1
-7 1
+1 1
-1 2
+7 1
cfi=(23)
cfn=(98)
calls=1 +29 
* 5
+1 1
-1 1
+1 1
+2 4
cfi=(32)
cfn=(104)
calls=1 -21 
* 10
* 2
+2 1
+3 1
-3 1
+3 1
+13 2
cfi=(23)
cfn=(110)
calls=1 +8 
* 5
+3 7
-14 6
cfi=(25)
cfn=(68)
calls=1 +19 
* 6
* 2

fl=(16)
fn=(42)
61 11
+2 11
+2 11
+3 10
+1 10
+2 3
+1 3
+2 3
+1 3
+5 3
+1 3
-1 7
+1 7
+2 5
+1 5
+2 5
+1 10
+5 5
+1 5
-1 5
+1 5
+2 2
+1 2
+2 2
+1 2
+5 2
+1 2
-1 8
+1 8
+2 4
+1 4
+2 4
+1 4
+5 4
+1 4
-1 6
+1 9
+5 3
+1 3
+1 3
+1 3
+2 3
+2 3
+1 3
+2 3
+8 10
+8 5
+6 5
+2 5
+1 5
+3 2
+1 4
+5 2
+1 2
+2 2
+2 2
+1 2
+2 2
-8 6
+1 6
+2 6
+2 6
+1 6
+2 8
+9 2
+1 2
-1 3
+1 3
+3 5
+1 5
+1 5
+5 4
+2 4
+1 4
+1 4
+1 4
+2 4
+1 4
+1 4
+1 4
+2 4
+1 4
+2 4
+2 3
+2 3
+1 3
+1 3
+1 3
+2 3
+1 3
+1 3
+1 3
+2 3
+1 3
+2 6
+5 3
+6 3
+1 3
-7 2
+6 2
+1 2
+2 1

fl=(46)
fn=(190) call_init.part.0
34 32
+8 4
-8 4
+11 4
-3 8
+3 12
+5 9
+5 4
+8 4
+1 12
cob=(3)
cfi=(48) /build/eglibc-oGUzwX/eglibc-2.19/csu/../csu/init-first.c
cfn=(204) _init
calls=1 -12 
* 181
cob=(2)
cfi=(14)
cfn=(192) 0x0000000004a255c0
calls=1 -64 
* 6
+3 2
+1 4
+6 2
+2 4
-2 4
+3 10
+1 8
cob=(3)
cfi=(54) /build/eglibc-oGUzwX/eglibc-2.19/string/../sysdeps/x86_64/multiarch/../cacheinfo.c
cfn=(216) init_cacheinfo
calls=1 550 
* 1047
cob=(4)
cfi=(47)
cfn=(196) 0x00000000000006e0
calls=1 -78 
* 16
* 4
cob=(3)
cfi=(56) /build/eglibc-oGUzwX/eglibc-2.19/elf/dl-altinit.c
cfn=(224) dlinit_alt
calls=1 -45 
* 4
* 3
-1 6
+3 18
-29 2
+29 6
-34 3

fn=(188)
86 11
+1 1
+1 1
+3 3
+7 4
+27 15
+1 12
-90 20
cfn=(190)
calls=3 -2 
* 1346
* 3
+96 8
-96 3
cfn=(190)
calls=1 -2 
* 77
+58 2

fl=(12)
fn=(26)
315 11
+3 11
-3 55
+4 11
-4 11
+7 22
+4 12
+16 4
+1 8
-1 8
129 21
-18 6
346 4
+4 2
+2 2
-2 4
+1 2
+5 18
+2 8
+1 8
+1 8
+3 82
-3 45
-2 45
+1 45
+4 90
-7 104
+12 8
+1 88
228 1
-7 1
+1 1
+4 1
+2 1
-6 1
+4 1
+2 5
-95 3
+1 3
+1 3
+1 3
+1 3
+48 3
-2 3
+1 3
+1 15
-80 2
+1 4
+4 4
-5 8
+1 16
+4 18
234 1
+2 1
-4 1
+1 1
+4 1
-2 1
+56 2
-2 1
+2 2
-1 1
+1 2
+1 2
+12 6
+1 2
197 2
299 2
192 2

fl=(15)
fn=(32)
102 8
+7 24
-3 8
+3 16
+4 8
cfn=(36)
calls=8 -20 
* 298
* 8

fn=(76)
338 4
+2 2
+1 4
+4 143
+7 414
-2 276
+10 69
-15 208
+18 1
+4 2

fn=(36)
93 18
+1 36
cfn=(40)
calls=18 -43 
* 587
* 18

fn=(40)
51 76
+1 93
+11 18
+1 18
-1 18
+3 18
-3 18
+3 36
-3 1
+1 1
-1 1
+3 1
-3 1
+3 66
+4 12
+1 9
+6 21
cfi=(25)
cfn=(68)
calls=3 +4 
* 18
+2 15
+4 9
+3 3
+1 3
+2 15
-3 16
+1 16
+2 128
-31 3
+1 1
-2 3

fl=(23)
fn=(64)
81 12
+2 15

fn=(110)
81 12
+1 3

fn=(98)
81 12
+1 3

fn=(100)
81 8
+1 2

fl=(9)
fn=(18)
26 10
+1 10
+1 10
+1 10
+2 6
+1 6
+2 6
+1 6
-1 18
+1 18
+1 23
+1 23
+1 23
+2 18
+5 9
+1 9
+1 9
+1 9
+3 9
-6 8
+1 8
+1 8
+1 8
+3 8
+1 13
+1 13
+1 13
+2 13
+3 10
+1 10
+1 10
+1 10
+3 10
+1 10
+1 10
+1 10
+2 10
+3 10
+1 10
+1 10
+1 10
+3 10
+1 10
+1 10
+1 10
+2 10
+3 10
+1 10
+1 10
+1 10
+3 10
+1 9
+1 9
+1 9
+2 10
+3 1
+2 1
+1 1
-3 8
+2 8
+1 8
+1 9
+2 9
+1 9
+1 9
+2 9
+1 9
+1 5
+2 5
+1 5
+1 5
+2 5
+2 5
+1 5
+1 5
+2 5
+1 5
+1 1
+2 1
+1 1
+1 1
+2 1
+1 1
-1 9
+1 9

fl=(33)
fn=(114)
60 4
+7 2
-4 6
+1 2
-1 2
+1 2
-1 10
cfi=(21)
cfn=(88)
calls=2 2317 
* 6112
* 2
+5 4

fn=(112)
147 1
+1 1
-1 2
+1 1
-1 1
+1 1
-1 1
+1 2
-1 5
+1 1
-1 1
+1 2
+14 1
-2 1
+1 1
-13 1
+14 1
+6 3
+10 1
-10 1
+10 3
-14 1
-4 1
+2 1
+17 1
-17 1
-2 2
+2 1
-2 1
+2 1
-2 1
+1 1
+1 1
+6 3
+10 1
-10 1
+10 3
-16 3
+20 1
+21 1
+1 1
-22 2
+19 1
-12 1
+15 1
-16 1
+13 1
343 9
209 1
+8 1
-4 1
+4 1
-8 3
+8 3
-4 3
+4 3
+12 8
+2 2
+11 2
-5 2
-6 4
+5 2
+2 4
+1 4
+3 8
-32 2
+32 4
+50 4
+1 3
-51 192
+1 96
+6 10
cfi=(31)
cfn=(92)
calls=2 24 
* 70
* 4
+5 10
-3 2
+3 2
cfi=(28)
cfn=(80)
calls=2 -91 
* 6268
+2 6
+15 2
+2 4
+5 2
+6 2
-6 4
+3 2
+1 2
+1 2
+1 2
+4 10
-2 8
-57 8
-19 2
471 8
+2 6
+3 4
-1 2
cfi=(15)
cfn=(36)
calls=2 93 
* 68
* 2
+2 2
-2 2
+2 2
+3 2
+1 12
cfi=(16)
cfn=(42)
calls=2 61 
* 41
+1 10
cfi=(16)
cfn=(42)
calls=2 61 
* 41
+4 2
-1 2
+5 16
+3 9
-1 4
+1 8
202 1
497 6
+1 2
+3 5
+11 3
-1 1
cfi=(15)
cfn=(36)
calls=1 93 
* 34
* 1
+3 1
-3 1
+3 1
+5 7
+1 4
+2 9
+6 9
+4 3
-10 3
+10 3
-10 7
+6 3
+4 1
-10 1
+10 1
-10 3
+13 2
+51 6
+2 3
+42 2
+1 1
-1 6
+1 1
cfi=(26)
cfn=(70)
calls=1 30 
* 14
* 1
-2 10
+13 1
-6 1
-1 1
+1 1
+6 2
-13 6
+13 2
-6 2
-1 2
+1 2
+6 6
+2 8
+1 4
-1 4
+1 4
+3 6
-1 9
+23 3
-28 6
+31 9
+3 20
cfi=(26)
cfn=(70)
calls=2 30 
* 18
* 15
217 8
+1 17
+2 2
+2 6
+2 26
658 2
+25 2
+2 1
+1 1
-1 1
+2 3
+7 3
+3 2
+3 8
295 138
623 7
cfi=(16)
cfn=(42)
calls=1 61 
* 28
+2 1
-38 1
+38 2

fl=(19)
fn=(56)
45 7
+2 3
+85 8
-45 3
cfi=(20)
cfn=(58)
calls=1 -6 
* 5
* 1
+15 1
-15 1
+20 1
-1 1
+3 12
+4 3
-2 6
+2 9
+7 3
-1 3
+4 3
-2 3
+2 10
+5 2

fl=(10)
fn=(20)
34 4
+8 6
+4 2
+11 5

fl=(11)
fn=(24)
30 2
+3 7
+2 34
+11 16
-13 48
-2 1
+19 1
-14 15
+5 1
-3 1
+3 1
+2 1

fl=(29)
fn=(84)
26 3
+9 3
+1 6
+1 3
+4 3
+1 3
+1 3
+1 3
+1 3
+2 6
+2 3
+1 3
+3 6
+2 3
+4 3
+1 3

fl=(13)
fn=(44)
32 6
+2 3
-2 9
+2 3
cfi=(2)
cfn=(46)
calls=3 837 
* 6
+2 22
+4 3
-1 15
+2 2
+2 2
+4 2
+4 2
-4 4
+1 4
+1 4
+2 2
+1 6
-1 2
cfi=(2)
cfn=(48)
calls=2 843 
* 4
-4 1
+4 1
-4 2
+1 2
+1 2
+2 1
+1 3
-1 1
cfi=(2)
cfn=(48)
calls=1 843 
* 2
-5 2

fn=(28)
61 42
+1 3
cfi=(9)
cfn=(18)
calls=3 -36 
* 177
+6 3
-6 12
+6 33
+7 12
cfi=(15)
cfn=(32)
calls=3 +27 
* 134
* 3
+3 3
-3 3
+3 3
+4 3
+5 6
-6 3
+6 3
-5 3
+4 6
+1 3
cfi=(16)
cfn=(42)
calls=3 -26 
* 101
* 3
+10 6
-8 3
+9 3
-1 6
+1 6
-1 3
+1 6
+3 3
-3 3
+3 3
+9 3
-7 3
+4 3
+3 8
+2 2
-2 2
+2 30
-2 30
+12 3
+6 3
-5 3
-1 3
+6 9
-2 3
+2 6
+2 6
+3 7
+4 6
+4 6
+2 1
+6 1
+3 2
+3 5
-3 4
+3 10
+2 2
+4 2
-4 2
cfi=(9)
cfn=(18)
calls=2 26 
* 167
* 4
+4 2
-4 2
+4 6
+64 4
+4 24
-88 6
-39 7
+39 3
+70 6
cfi=(24)
cfn=(66)
calls=2 61 
* 83
* 2
+5 40
+1 40
-1 40
+1 42
-1 2
+1 6
+5 4
-57 4
cfi=(15)
cfn=(36)
calls=2 -72 
* 68
* 2
+1 2
-1 2
+1 6

ob=(2)
fl=(14)
fn=(578)
0 3

fn=(192)
0 6

fn=(250) 0x0000000000400778
0 6

fn=(604)
0 3

ob=(3)
fl=(68) /build/eglibc-oGUzwX/eglibc-2.19/malloc/arena.c
fn=(288) ptmalloc_init.part.7
371 6
+13 1
-8 1
+8 1
+7 2
+1 2
-1 1
+1 10
cfi=(71) /build/eglibc-oGUzwX/eglibc-2.19/nptl/../nptl/sysdeps/unix/sysv/linux/register-atfork.c
cfn=(298) __linkin_atfork
calls=1 116 
* 9
+2 5
+16 2
-74 34
+16 17
-18 54
455 2
+6 2
+1 2
+2 1
+1 7
-80 5
cfi=(69) /build/eglibc-oGUzwX/eglibc-2.19/elf/dl-addr.c
cfn=(290) _dl_addr
calls=1 126 
* 57312
* 2
+1 4

fl=(92) /build/eglibc-oGUzwX/eglibc-2.19/libio/iofclose.c
fn=(452) fclose@@GLIBC_2.2.5
40 6
+14 2
-14 2
+14 6
+3 36
+4 6
-3 4
fi=(87) /build/eglibc-oGUzwX/eglibc-2.19/libio/libioP.h
904 4
+1 6
fe=(92)
63 8
cfi=(76) /build/eglibc-oGUzwX/eglibc-2.19/libio/fileops.c
cfn=(468) _IO_file_finish@@GLIBC_2.2.5
calls=2 202 
* 64
+1 6
+18 12
+2 2
+1 4
cfi=(66) /build/eglibc-oGUzwX/eglibc-2.19/malloc/malloc.c
cfn=(418) free
calls=2 2917 
* 251
cob=(1)
cfi=(58)
cfn=(236)
calls=1 -51 
* 598
* 6
+4 10
-10 4
-20 4
cfi=(76)
cfn=(456) _IO_file_close_it@@GLIBC_2.2.5
calls=2 +99 
* 226
* 6
-4 2
cfi=(75) /build/eglibc-oGUzwX/eglibc-2.19/libio/genops.c
cfn=(454) _IO_un_link
calls=2 +5 
* 168
* 6
fi=(87)
905 12
fe=(92)

fl=(84) /build/eglibc-oGUzwX/eglibc-2.19/libio/filedoalloc.c
fn=(370) _IO_file_doallocate
96 15
+15 18
cfi=(76)
cfn=(372) _IO_file_stat
calls=3 1222 
* 42
* 6
+2 12
+11 15
+4 18
cfi=(86) /build/eglibc-oGUzwX/eglibc-2.19/misc/../sysdeps/unix/syscall-template.S
cfn=(376) mmap
calls=3 -47 
* 18
* 6
+1 15
cfi=(75)
cfn=(378) _IO_setb
calls=3 399 
* 63
+1 3
+1 15
-13 1
fi=(106) /build/eglibc-oGUzwX/eglibc-2.19/libio/../sysdeps/unix/sysv/linux/sys/sysmacros.h
-77 6
fe=(84)
+77 1
-2 2
+8 1
-3 1
+3 2
-46 1
+1 1
-1 1
+1 1
cfi=(96) /build/eglibc-oGUzwX/eglibc-2.19/io/../sysdeps/posix/isatty.c
cfn=(494) isatty
calls=1 -54 
* 45
+39 1
-38 1
+38 1

fl=(100) /build/eglibc-oGUzwX/eglibc-2.19/stdlib/exit.c
fn=(552) exit
104 1
-1 1
+1 2
cfn=(554) __run_exit_handlers
calls=1 -69 
* 2609

fn=(554)
35 8
+5 1
cfi=(101) /build/eglibc-oGUzwX/eglibc-2.19/stdlib/cxa_thread_atexit_impl.c
cfn=(556) __call_tls_dtors
calls=1 +42 
* 1018
* 1
+6 8
+4 6
+3 1
-1 1
+2 5
+33 1
+1 1
-1 1
+1 1
+6 2
+1 5
cfi=(75)
cfn=(606) _IO_cleanup
calls=1 1010 
* 255
* 3
+2 2
cfi=(105) /build/eglibc-oGUzwX/eglibc-2.19/posix/../sysdeps/unix/sysv/linux/_exit.c
cfn=(616) _Exit
calls=1 -69 
* 5
-19 1
+4 2
-2 2
+2 1
cob=(1)
cfi=(102)
cfn=(564)
calls=1 +49 
* 1277
+1 1

fl=(61) /build/eglibc-oGUzwX/eglibc-2.19/stdlib/cxa_atexit.c
fn=(244) __cxa_atexit
57 6
-22 2
cfn=(246) __new_exitfn
calls=1 +38 
* 38
+2 2
+4 1
+3 1
+1 1
-4 2
+2 1
+4 1
+1 1
+11 4

fn=(246)
73 1
+6 2
-6 3
+6 4
+2 4
-7 2
+9 3
-2 1
+10 1
-10 3
+45 1
+1 1
+3 4
+3 5
-21 1
+1 2

fl=(83) /build/eglibc-oGUzwX/eglibc-2.19/libio/getc.c
fn=(360) getc
35 547
+3 547
-3 547
+3 8205
+1 3270
fi=(87)
904 1094
+1 4376
fe=(83)
42 1641
-3 8
cfi=(75)
cfn=(362) __uflow
calls=4 363 
* 640
* 8

fl=(79) /build/eglibc-oGUzwX/eglibc-2.19/string/../sysdeps/x86_64/memset.S
fn=(340) memset
53 123
+1 123
+1 123
+1 123
+1 123
+2 123
+1 123
+17 123
+1 123
+1 123
+1 123
+1 123
+1 123
+1 123
+1 123
+1 123
+1 123
+1 123
+1 123
+1 123
+1 246
+3 123
+1 123
+1 123
+1 123
+1 123
+1 123
+1 123
-6 246
+1 246
+1 246
+1 246
+1 246
+1 246
+1 246
+1 123

fl=(98) /build/eglibc-oGUzwX/eglibc-2.19/string/../sysdeps/x86_64/memcpy.S
fn=(502) __GI_mempcpy
61 167
+4 167
+3 167
+1 167
+2 124
+1 124
+2 124
+1 124
+5 124
+1 124
-1 43
+1 43
+2 45
+1 45
+2 45
+1 45
+5 45
+1 45
-1 122
+1 122
+2 61
+1 61
+2 61
+1 61
+5 61
+1 61
-1 106
+1 106
+2 25
+1 25
+2 25
+1 50
+5 25
+1 25
-1 142
+1 152
+5 10
+1 10
+1 10
+1 10
+2 10
+2 10
+1 10
+2 10
+6 167
+4 167

fl=(71)
fn=(298)
116 2
+1 6
+2 1

fl=(90) /build/eglibc-oGUzwX/eglibc-2.19/string/../sysdeps/x86_64/multiarch/memcpy-sse2-unaligned.S
fn=(412) __memcpy_sse2_unaligned
25 778
+1 778
+1 778
+1 778
+1 778
+1 778
+1 746
+1 746
+1 172
+1 172
+1 172
+1 172
+1 172
+1 172
+2 778
+1 778
+4 25
+1 25
+1 25
+1 25
+1 25
+1 25
+41 32
+1 32
+1 32
+2 32
+1 32
+1 32
+1 32
+1 32
+1 32
+1 32
+1 32
+1 32
+1 32
+1 32
+1 32
+1 32
+1 32
+1 32
+1 32
+1 18
+1 18
+1 18
+1 18
+2 18
+1 18
+1 18
+1 18
+1 18
+1 18
-5 2
+1 2
+1 2
+1 2
+1 2
+1 2
+1 18
+1 18
+2 274
+1 274
+1 274
+1 274
+1 274
+1 30
+2 574
+1 574
+1 323
+2 323
+1 156
+2 156
+1 156
+1 156
+1 156
+1 156
+1 92
+1 92
+1 92
+11 251
+1 251
+1 251
+1 251
+1 251
+2 14
+1 14
+2 167
+1 167
+1 167
+1 167
+1 167

fl=(91) /build/eglibc-oGUzwX/eglibc-2.19/string/../sysdeps/x86_64/multiarch/../strcmp.S
fn=(436) __strcmp_ssse3
180 330
+1 330
+2 330
+1 330
+21 330
+1 330
+1 192
+1 192
+1 192
+1 192
+1 192
+1 192
+21 192
+1 192
+1 192
+1 192
+1 192
+1 192
+1 192
+15 138
+1 138
+1 138
+1 138
+1 138
+1 138
+1 138
+1 138
+1 138
+5 138
+1 138
+1 138
+1 138
+1 138
+1 138
483 46
+1 46
+1 46
+1 46
+1 46
+2 46
+1 46
+1 46
+1 46
+1 46
+1 46
+1 46
+1 1
+3 1
+1 1
+1 1
+6 1
+1 1
+1 2
+4 1
+1 1
+3 1
+1 1
+1 1
+7 1
+4 1
+1 1
+1 1
+1 1
+1 1
+1 1
732 46
+1 46
+1 46
+1 46
+1 46
+2 46
+1 46
+1 46
+1 46
+1 46
+1 46
+1 46
1107 46
+1 46
+1 46
+1 46
+1 46
+2 46
+1 46
+1 46
+1 46
+1 46
+1 46
+1 46
2236 1
+2 1
+1 1
+1 1
+1 1
-3 137
+1 137
+1 137
+1 137
+6 330
+6 330
+1 330
+8 330
+1 330

fl=(72) /build/eglibc-oGUzwX/eglibc-2.19/malloc/morecore.c
fn=(304) __default_morecore
46 2
+1 2
cfi=(73) /build/eglibc-oGUzwX/eglibc-2.19/misc/sbrk.c
cfn=(306) sbrk
calls=2 -13 
* 72
+2 6
+3 6

fl=(74) /build/eglibc-oGUzwX/eglibc-2.19/misc/../sysdeps/unix/sysv/linux/x86_64/brk.c
fn=(308) brk
31 2
-3 2
+3 14
+8 2
-6 4
+7 2

fl=(54)
fn=(216)
550 1
+13 1
-13 1
+13 1
-13 1
+13 1
+7 2
+2 3
cfn=(218) handle_intel
calls=1 306 
* 432
+4 2
-4 1
+4 1
cfn=(218)
calls=1 306 
* 471
+2 1
-2 1
-1 1
+3 1
+29 1
-18 1
+18 3
+7 2
+9 20
-9 12
+6 6
-6 3
+6 2
+49 4
+75 2
+2 1
+1 1
+2 1
-3 1
+5 1
-5 1
+4 3
+4 2
+2 1
+1 1
+2 1
-3 1
+5 1
+2 1
-7 1
+4 2
+3 1
-3 1
+3 2
-93 5
-45 2
+6 5
+7 2
+4 4
+2 4
-6 4
+4 1
-2 1
+2 1
-4 3
+4 1
-2 1
+2 1
+15 2
-8 1
+2 2
+1 1
-1 2
+1 1
+1 1

fn=(218)
306 4
-1 4
+17 2
-17 12
+14 2
+1 4
-3 6
+23 10
cfn=(220) intel_check_word
calls=2 162 
* 638
+1 4
+3 10
cfn=(220)
calls=2 162 
* 167
+1 4
-17 4
+5 2
-5 4
+5 2
+2 2
+1 2
-1 4
+27 16

fn=(220)
162 8
+6 4
-7 8
+7 8
-7 4
+7 8
-7 4
+7 4
+2 4
-2 4
+2 12
+2 4
+2 8
-2 6
+2 12
+8 20
+53 16
fi=(55) /build/eglibc-oGUzwX/eglibc-2.19/string/../bits/stdlib-bsearch.h
27 8
+1 16
+3 16
+1 8
fe=(54)
150 16
fi=(55)
31 12
+1 6
fe=(54)
150 12
+3 54
fi=(55)
29 44
+2 44
-2 44
+2 80
+1 40
fe=(54)
150 80
295 8
170 16
-6 2
300 16
fi=(55)
37 10
-8 24
fe=(54)
194 10
+5 10
-5 14
+34 3
-34 15
+5 6
+4 8
+7 8
+3 2
+2 4
-10 2
-2 2
+2 3
+12 2
+2 2
+1 2
-3 2
+2 2
-1 2
-1 2
+2 2
-1 6
+1 2
-2 4

fl=(77) /build/eglibc-oGUzwX/eglibc-2.19/io/../sysdeps/unix/syscall-template.S
fn=(320) open
81 4
cfn=(322) __open_nocancel
calls=2 * 
* 10

fn=(384) read
81 8
cfn=(386) __read_nocancel
calls=4 * 
* 20

fn=(462) __close_nocancel
81 10

fn=(514) write
81 76
cfn=(516) __write_nocancel
calls=38 * 
* 190

fn=(322)
81 10

fn=(386)
81 20

fn=(516)
81 190

fl=(39)
fn=(434)
88 1
+1 1
+4 1
+1 1
+1 1
+8 1
+1 1
+1 1
+2 1

fn=(158)
114 1
+1 1
+1 1
cfi=(40) /build/eglibc-oGUzwX/eglibc-2.19/csu/../sysdeps/x86_64/multiarch/init-arch.c
cfn=(160) __init_cpu_features
calls=1 -62 
* 85
+3 1
+1 1
+1 1
+11 1

fn=(168)
140 1
+1 1
+4 1
+1 1
+1 1
+11 1

fl=(86)
fn=(376)
81 15
+1 3

fn=(464) munmap
81 8
+1 2

fl=(93) /build/eglibc-oGUzwX/eglibc-2.19/stdio-common/printf.c
fn=(484) printf
28 1032
+4 129
-4 129
+5 129
-1 645
+1 387
cfi=(94) /build/eglibc-oGUzwX/eglibc-2.19/stdio-common/vfprintf.c
cfn=(486) vfprintf
calls=129 235 
* 57596
+4 258

fl=(75)
fn=(454)
60 24
+1 12
+4 12
+1 20
+2 2
-2 2
+1 2
+1 38
+2 6
+2 4
+6 3
+1 3
+6 2
+2 2
-2 2
+2 8
+2 2
-1 2
+1 12
+1 4
+3 24
-6 12
-6 1
+1 1
-1 1
+2 1
-9 1
+1 1
-1 2
+4 2

fn=(510) __overflow
241 114
+2 114
cfi=(76)
cfn=(492) _IO_file_overflow@@GLIBC_2.2.5
calls=38 824 
* 4978

fn=(500) _IO_default_xsputn
447 1
+4 1
-1 1
-3 5
+3 5
+30 9
cfi=(76)
cfn=(492)
calls=1 824 
* 33
* 2
+2 1
-2 1
-25 8
+29 2
+1 6

fn=(606)
1010 1
+3 1
-3 2
-48 1
+48 2
+3 1
cfn=(608) _IO_flush_all_lockp
calls=1 822 
* 88
-63 1
+63 1
-63 3
+2 9
+2 2
-1 4
+3 4
+6 16
+8 5
+10 5
cfi=(76)
cfn=(610) _IO_file_setbuf@@GLIBC_2.2.5
calls=1 461 
* 66
+3 2
+7 3
-40 9
+75 7
-53 1
+4 1
-4 1
+2 1
+1 1
+1 1
-2 1
+3 4
+6 3
+1 8

fn=(362)
363 4
+2 4
-2 4
+2 10
+6 20
+3 8
+2 8
+6 8
+7 8
+1 4
-1 8
cfn=(364) _IO_default_uflow
calls=4 +45 
* 538
-24 4
+22 12

fn=(364)
434 4
+1 4
-1 4
+1 4
cfi=(76)
cfn=(366) _IO_file_underflow@@GLIBC_2.2.5
calls=4 552 
* 498
+1 8
+2 8
+1 8

fn=(378)
399 25
+1 24
+3 5
+2 20
-3 5
+3 10
+3 20
-7 14
cfi=(86)
cfn=(464)
calls=2 81 
* 10
* 8

fn=(380) _IO_switch_to_get_mode
182 4
+1 4
-1 4
+1 8
+3 12
+5 4
-1 8
+1 4
+7 4
-4 4
+2 8
+2 4
+1 4
+1 8

fn=(608)
822 3
+6 1
-6 5
+6 2
+6 1
-11 1
+10 1
+2 2
+4 2
-1 3
-1 3
+1 3
+3 9
+10 6
+4 3
-2 3
+2 6
+7 3
-27 6
+31 2
+2 2
+4 9
-31 12

fn=(612) _IO_default_setbuf
557 5
+1 1
-1 1
+1 1
cfi=(76)
cfn=(614) _IO_file_sync@@GLIBC_2.2.5
calls=1 886 
* 13
* 2
+9 1
-7 1
+7 1
-7 1
400 1
562 1
+1 1
-1 1
+1 1
400 4
+7 1
-5 1
+1 1
+4 1
570 2
+2 1
-2 1
+1 3
+2 4

fn=(368) _IO_doallocbuf
414 9
+1 3
-1 3
+1 3
+6 12
-4 9
+1 9
cfi=(84)
cfn=(370)
calls=3 96 
* 312
* 6

fn=(470) _IO_default_finish
686 4
+2 6
+6 6
+3 6
+6 2
+6 2
-6 2
cfn=(454)
calls=2 60 
* 20

fn=(316) _IO_link_in
99 16
+1 12
+4 2
-2 4
+2 10
+1 20
+2 2
-2 2
+1 2
+1 2
-2 2
+2 2
-2 2
+2 28
+2 2
-2 2
+4 2
+2 2
-3 2
-1 2
+4 14
+2 2
-1 2
+1 16
+1 4
+3 16
-6 14

fn=(458) _IO_unsave_markers
1119 2
+2 2
-2 2
+2 2
+19 6
+2 4

fn=(312) _IO_old_init
626 2
-16 2
+1 2
+15 2
+5 2
-21 2
+2 2
+1 2
+1 2
+17 2
-16 2
+1 2
+1 2
+1 2
+1 2
+1 2
+2 2
+1 2
+1 2
+1 2
+6 2
+1 8

fn=(310) _IO_no_init
643 18
+1 2
cfn=(312)
calls=2 -18 
* 50
+3 2
-2 2
+2 2
+2 2
+1 2
+1 2
+1 2
+1 2
+1 2
+1 2
+1 2
+1 2
+1 2
+1 2
+1 2
+2 2
+7 2
+1 12

fl=(97) /build/eglibc-oGUzwX/eglibc-2.19/termios/../sysdeps/unix/sysv/linux/tcgetattr.c
fn=(496) tcgetattr
40 1
-4 1
+4 8
+2 2
+5 1
-3 1
+21 4
-18 1
+1 1
-4 1
+21 1
-20 1
+20 1
-17 1
+17 1
-20 1
+20 1
-19 1
+19 2
-19 1
+7 2
+7 1
+5 1
+14 1

fl=(60) /build/eglibc-oGUzwX/eglibc-2.19/csu/libc-start.c
fn=(242) (below main)
133 7
+4 1
-4 3
+4 3
+82 1
-82 1
+82 1
+1 4
cfi=(61)
cfn=(244)
calls=1 57 
* 60
+22 6
+3 2
+1 5
cob=(5)
cfi=(57)
cfn=(248) __libc_csu_init
calls=1 0 
* 55
+4 4
+15 2
+9 2
cfi=(62) /build/eglibc-oGUzwX/eglibc-2.19/setjmp/../sysdeps/x86_64/bsd-_setjmp.S
cfn=(262) _setjmp
calls=1 30 
* 29
+1 2
+5 2
+1 2
+3 2
+3 6
cob=(5)
cfi=(57)
cfn=(268) main
calls=1 0 
* 648194
+34 2
cfi=(100)
cfn=(552)
calls=1 104 
* 2613
137 2

fl=(105)
fn=(616)
28 2
+4 1
+2 2

fl=(53) /build/eglibc-oGUzwX/eglibc-2.19/ctype/ctype-info.c
fn=(214) __ctype_init
31 5
+2 1
-2 2
+2 3
+2 5

fl=(62)
fn=(262)
30 1
+2 1
cfi=(63) /build/eglibc-oGUzwX/eglibc-2.19/setjmp/../sysdeps/x86_64/setjmp.S
cfn=(264) __sigsetjmp
calls=1 -6 
* 27

fl=(67) /build/eglibc-oGUzwX/eglibc-2.19/malloc/hooks.c
fn=(286) malloc_hook_ini
30 2
fi=(68)
373 3
fe=(67)
29 3
cfi=(68)
cfn=(288)
calls=1 371 
* 57482
* 1
+4 1
-1 1
cfi=(66)
cfn=(285) malloc'2
calls=1 2876 
* 1184

fl=(81)
fn=(348)
64 1
+1 1
+2 1
+1 1
+1 1
+5 1

fl=(82) /build/eglibc-oGUzwX/eglibc-2.19/string/../sysdeps/x86_64/multiarch/strcpy-sse2-unaligned.S
fn=(350) __strcpy_sse2_unaligned
47 123
+2 123
+5 123
+1 123
+1 123
+2 57
+1 57
+1 57
+1 57
+2 57
+1 57
+1 57
+14 57
+1 57
295 66
+1 66
+1 66
+1 66
+1 66
+10 66
+1 66
+35 57
+1 57
+1 228
+10 66
+1 264
545 1
+1 1
+9 1
+19 2
+1 2
+9 2
+19 57
+1 57
+1 57
+1 57
+9 57
+4 47
+1 47
+1 47
+1 47
+9 47
+18 12
+1 12
+1 12
+9 12
+4 4
+1 4
+1 4
+1 4
+9 4

fl=(101)
fn=(556)
82 3
+1 2
cob=(1)
cfi=(35)
cfn=(562)
calls=1 770 
* 11
cob=(1)
cfi=(58)
cfn=(236)
calls=1 -49 
* 990
* 5
* 3
+18 4

fl=(76)
fn=(318) _IO_file_fopen@@GLIBC_2.2.5
254 18
+11 4
+2 10
+8 4
-20 2
+37 24
+41 2
224 2
+1 4
-1 2
+4 2
cfi=(77)
cfn=(320)
calls=2 81 
* 14
* 2
+4 4
+3 2
-1 2
+1 4
+1 4
-1 2
+1 2
+7 4
cfi=(75)
cfn=(316)
calls=2 99 
* 22
353 6
cfi=(78) /build/eglibc-oGUzwX/eglibc-2.19/string/../string/strstr.c
cfn=(324) __GI_strstr
calls=2 53 
* 50
+1 2
-1 2
+1 2
-83 2
-1 2
-15 4
431 2
-77 2
+77 14

fn=(372)
1222 3
+1 9
cfi=(85) /build/eglibc-oGUzwX/eglibc-2.19/io/../sysdeps/unix/sysv/linux/wordsize-64/fxstat.c
cfn=(374) _fxstat
calls=3 34 
* 30

fn=(492)
824 160
+1 120
+7 276
+35 80
+3 78
+3 117
+1 117
+1 156
+4 39
+1 156
-45 2
+12 2
+9 4
+8 1
-4 1
+3 2
-2 2
-3 1
+1 2
+5 1
-1 1
+1 3
+1 2
+12 76
-1 38
+1 38
-1 38
cfn=(498) _IO_do_write@@GLIBC_2.2.5
calls=38 509 
* 3458
* 76
-8 1
+1 1
+11 3
-12 1
cfn=(498)
calls=1 509 
* 15
-31 2
cfi=(75)
cfn=(368)
calls=1 414 
* 164
+1 6

fn=(512) _IO_file_write@@GLIBC_2.2.5
1254 266
+2 190
+11 38
+1 38
-12 76
+5 38
-1 114
+1 76
cfi=(77)
cfn=(514)
calls=38 81 
* 266
+1 76
+9 114
+3 342

fn=(468)
202 2
+1 2
-1 2
+1 2
+6 4
+1 2
-1 2
cfi=(75)
cfn=(470)
calls=2 686 
* 48

fn=(610)
461 2
+1 1
cfi=(75)
cfn=(612)
calls=1 +95 
* 51
* 2
+4 2
-1 2
+2 3
+2 1
+1 2

fn=(456)
158 6
+2 2
-2 2
+2 4
+4 2
+3 2
-3 2
-1 4
+6 2
+3 2
-3 2
cfi=(75)
cfn=(458)
calls=2 1119 
* 18
+3 4
+4 6
+9 10
cfi=(75)
cfn=(378)
calls=2 399 
* 78
+1 4
+3 2
-3 2
+1 6
+2 2
cfi=(75)
cfn=(454)
calls=2 60 
* 20
+5 4
-4 2
+1 2
+1 2
+2 2
+1 8
-23 6
cfn=(460) _IO_file_close
calls=2 1245 
* 14
* 4

fn=(490) _IO_file_xsputn@@GLIBC_2.2.5
1281 387
+7 387
-7 2709
+6 774
+7 1008
+17 4
+4 167
+5 668
cfi=(98)
cfn=(502)
calls=167 61 
* 3473
* 167
+6 167
-1 167
+1 334
+2 501
+27 336
+1 3096
-45 2
+17 3
+4 4
cfn=(492)
calls=1 824 
* 229
* 2
+6 2
+1 6
+2 3
+11 2
+1 4
cfi=(75)
cfn=(500)
calls=1 447 
* 75
* 2
-57 501
+1 334
+3 501
+2 2454
-2 1970

fn=(498)
509 39
+2 39
-2 195
+2 78
+1 6
+11 152
+7 152
+8 190
cfn=(512)
calls=38 1254 
* 1634
* 38
+1 114
+6 38
-4 38
+4 38
-4 114
+1 76
+3 38
-34 76
+32 38
-32 38
+1 152
-1 38
+1 76
+32 76

fn=(460)
1245 4
cfi=(77)
cfn=(462)
calls=2 81 
* 10

fn=(366)
552 16
+8 12
+6 12
+3 8
+13 8
+20 8
cfi=(75)
cfn=(380)
calls=4 182 
* 80
+6 4
+5 16
-5 8
+1 4
+2 4
-1 8
+3 4
cfn=(382) _IO_file_read
calls=4 1204 
* 44
+2 8
+10 2
-3 2
+3 4
+2 4
+1 8
-10 2
-1 2
+1 4
+10 2
-4 2
+4 6
-56 6
+5 4
cfi=(75)
cfn=(368)
calls=2 414 
* 202
* 4

fn=(382)
1204 16
cfi=(77)
cfn=(384)
calls=4 81 
* 28

fn=(614)
886 1
+5 1
-5 1
+5 3
+2 1
+1 2
+17 2
+4 2

fn=(314) _IO_file_init@@GLIBC_2.2.5
143 2
+4 2
-4 6
+5 2
-1 2
+3 2
cfi=(75)
cfn=(316)
calls=2 -51 
* 164
+1 2
+1 8

fl=(69)
fn=(290)
126 9
+5 1
-5 2
+5 2
cob=(1)
cfi=(2)
cfn=(46)
calls=1 837 
* 2
+2 2
cob=(1)
cfi=(70)
cfn=(296)
calls=1 +49 
* 32
cob=(1)
cfi=(58)
cfn=(236)
calls=1 -99 
* 1145
* 5
+2 2
30 1
+1 1
-1 1
+1 1
+3 2
+5 1
+6 1
-7 1
+2 2
+2 1
-2 1
+2 1
+3 1
+5 7
+2 1
+1 2
-1 1010
+1 2020
+2 4930
+6 11075
+2 8860
+1 16270
+7 2215
-2 2215
+2 5441
-21 2022
+49 3
+1 1
+1 3
+3 2
+37 3
cob=(1)
cfi=(2)
cfn=(48)
calls=1 843 
* 2
+3 9
-28 1
+1 1
+21 2

fl=(78)
fn=(324)
53 16
+10 6
+2 4
+1 2
+23 16
-26 2
-5 4

fl=(95) /build/eglibc-oGUzwX/eglibc-2.19/string/../sysdeps/x86_64/strchr.S
fn=(488) strchrnul
24 258
+1 258
+1 258
+1 258
+1 258
+1 258
+1 258
+1 258
+1 258
+1 258
+1 258
+1 258
+1 258
+1 258
+1 258
+1 258
+1 258
+1 258
+2 258
+7 258

fl=(99) /build/eglibc-oGUzwX/eglibc-2.19/libio/putchar.c
fn=(508) putchar
26 38
+2 38
-2 38
+2 684
+1 114
fi=(87)
904 76
+1 304
fe=(99)
32 114
-3 76
cfi=(75)
cfn=(510)
calls=38 241 
* 5206
* 76

fl=(103) /build/eglibc-oGUzwX/eglibc-2.19/stdlib/cxa_finalize.c
fn=(592) __cxa_finalize
31 3
+17 1
-17 5
+4 4
+4 6
-4 3
+32 4
+4 6
-4 3
+12 2
+3 1
-2 1
+2 6
-2 1
cfi=(104) /build/eglibc-oGUzwX/eglibc-2.19/nptl/../nptl/sysdeps/unix/sysv/linux/unregister-atfork.c
cfn=(594) __unregister_atfork
calls=1 -44 
* 13

fl=(51) /build/eglibc-oGUzwX/eglibc-2.19/misc/init-misc.c
fn=(210) __init_misc
30 4
+1 5
+2 3
cfi=(52) /build/eglibc-oGUzwX/eglibc-2.19/string/../sysdeps/x86_64/strrchr.S
cfn=(212) rindex
calls=1 -9 
* 24
+4 5
+1 3
+2 4

fl=(96)
fn=(494)
25 1
+3 2
cfi=(97)
cfn=(496)
calls=1 +12 
* 37
* 2
+1 1
-1 1
+1 1

fl=(44)
fn=(170)
31 1
-1 1
fi=(42) /build/eglibc-oGUzwX/eglibc-2.19/time/../sysdeps/generic/dl-hash.h
+14 1
fe=(44)
-13 2
fi=(42)
+14 1
fe=(44)
-14 1
fi=(42)
+12 1
+5 3
+1 2
+13 2
-17 3
+3 9
+1 6
+13 6
-17 9
+22 1
fe=(44)
-36 2
+3 2
-3 1
+3 1
cfi=(43) /build/eglibc-oGUzwX/eglibc-2.19/elf/../sysdeps/unix/sysv/linux/dl-vdso.c
cfn=(166) _dl_vdso_vsym
calls=1 -7 
* 7
+1 3
+1 3

fl=(94)
fn=(486)
235 1419
+35 387
1295 388
+4 645
+11 258
+11 129
fi=(107) /build/eglibc-oGUzwX/eglibc-2.19/stdio-common/printf-parse.h
108 258
fe=(94)
1321 645
fi=(107)
108 129
cfi=(95)
cfn=(488)
calls=129 -84 
* 2580
fe=(94)
1336 129
fi=(107)
108 129
fe=(94)
1332 129
+4 258
+4 903
cfi=(76)
cfn=(490)
calls=129 -59 
* 4849
* 387
2098 645
+3 129
+1 1032
1295 256
+41 903
+1 1935
2098 645
+1 387
1340 258
+4 129
-4 129
+4 258
+4 903
283 129
-6 129
-3 129
1325 129
-8 129
240 129
1396 1032
-3 129
-1 129
-17 129
+1 129
+1 129
+1 129
+1 129
+1 129
+1 129
+1 129
+1 129
+1 129
+1 129
+3 129
+1 129
1580 258
-21 387
1396 1161
2091 258
+2 258
+2 258
1680 258
+8 129
fi=(107)
108 258
fe=(94)
1688 129
fi=(107)
108 129
fe=(94)
1688 129
fi=(107)
108 129
cfi=(95)
cfn=(488)
calls=129 -84 
* 2580
fe=(94)
1692 129
-4 129
+4 1161
cfi=(76)
cfn=(490)
calls=129 1281 
* 2451
* 129
-10 129
+10 1419
+2 129
-2 129
+2 129
-33 2709
cfi=(76)
cfn=(490)
calls=129 1281 
* 13139
* 4521

fl=(41)
fn=(162)
37 1
-1 1
fi=(42)
+8 1
fe=(41)
-7 2
fi=(42)
+8 1
fe=(41)
-8 1
fi=(42)
+6 1
+5 3
+1 2
+13 2
-17 3
+3 9
+1 6
+13 6
-17 9
+22 1
fe=(41)
-30 2
+3 2
-3 1
+3 1
cfi=(43)
cfn=(166)
calls=1 -13 
* 7
* 3
+1 3

ob=(5)
fl=(57)
fn=(428) push_back
0 792
cfn=(392) _calloc
calls=66 0 
0 10889
0 1818
cob=(3)
cfi=(66)
cfn=(418)
calls=39 2917 
0 3407
0 39
0 312
cob=(3)
cfi=(88) /build/eglibc-oGUzwX/eglibc-2.19/string/../sysdeps/x86_64/strlen.S
cfn=(404) strlen
calls=39 66 
0 624
0 39
0 162
cob=(3)
cfi=(88)
cfn=(404)
calls=27 66 
0 432
0 27
0 264
cfn=(392)
calls=66 0 
0 10205
0 396
cob=(3)
cfi=(82)
cfn=(350)
calls=66 47 
0 1523
0 66
0 924

fn=(522) print
0 275
cfn=(523) print'2
calls=19 0 
0 32177
0 100
cob=(3)
cfi=(93)
cfn=(484)
calls=20 28 
0 9237
0 20
0 80
cob=(3)
cfi=(99)
cfn=(508)
calls=20 26 
0 3560
0 20
0 40

fn=(523)
0 885
cfn=(523)
calls=51 0 
0 44550
0 350
cob=(3)
cfi=(93)
cfn=(484)
calls=70 28 
0 30592
0 70
0 280

fn=(524) cd
0 26
cfn=(526) getNode
calls=2 0 
0 7052
0 12
cfn=(530) isDir
calls=2 0 
0 64
0 12

fn=(538) mv
0 22
cfn=(440) addChild
calls=2 0 
0 510
0 14
cfn=(536) findChild
calls=2 0 
0 110
0 14
cfn=(540) removeChild
calls=2 0 
0 184
0 10

fn=(254) 0x0000000000400990
0 15

fn=(478) processCommand
0 234
cob=(3)
cfi=(93)
cfn=(484)
calls=18 28 
0 8863
cob=(1)
cfi=(58)
cfn=(236)
calls=1 34 
0 775
0 22
0 132
cob=(3)
cfi=(93)
cfn=(484)
calls=16 28 
0 8804
0 16
0 61
cob=(3)
cfi=(93)
cfn=(484)
calls=5 28 
0 2809
0 5
0 36
cob=(3)
cfi=(99)
cfn=(508)
calls=18 26 
0 3204
cob=(1)
cfi=(58)
cfn=(236)
calls=1 34 
0 782
0 22
0 72
cob=(3)
cfi=(91)
cfn=(436)
calls=18 180 
0 432
0 18
0 38
cfn=(520) pwd
calls=1 0 
0 623
0 69
cob=(3)
cfi=(91)
cfn=(436)
calls=17 180 
0 408
0 17
0 40
cfn=(524)
calls=2 0 
0 7166
0 62
cob=(3)
cfi=(91)
cfn=(436)
calls=15 180 
0 360
0 15
0 60
cfn=(532) ls
calls=10 0 
0 76279
0 30
cob=(3)
cfi=(91)
cfn=(436)
calls=5 180 
0 120
0 5
0 22
cfn=(534) mvcp
calls=2 0 
0 19427
0 14
cob=(3)
cfi=(91)
cfn=(436)
calls=3 180 
0 72
0 3
0 18
cfn=(534)
calls=2 0 
0 20628
0 6
cob=(3)
cfi=(91)
cfn=(436)
calls=1 180 
0 24
0 1
0 7
cfn=(542) find
calls=1 0 
0 12280
0 37

fn=(520)
0 6
cfn=(522)
calls=1 0 
0 615
0 2

fn=(532)
0 90
cfn=(526)
calls=10 0 
0 35544
0 60
cfn=(530)
calls=10 0 
0 320
0 227
cfn=(522)
calls=17 0 
0 39866
0 172

fn=(352) createChilds
0 55
cfn=(330) _malloc
calls=11 0 
0 1509
0 88

fn=(390) append
0 6928
cfn=(392)
calls=64 0 
0 10605
0 2462
cob=(3)
cfi=(88)
cfn=(404)
calls=778 66 
0 19070
0 778
0 3112
cfn=(392)
calls=778 0 
0 119250
0 3112
cob=(3)
cfi=(88)
cfn=(404)
calls=778 66 
0 19070
0 778
0 4668
cob=(3)
cfi=(90)
cfn=(412)
calls=778 25 
0 16258
cob=(1)
cfi=(58)
cfn=(236)
calls=1 34 
0 770
0 782
0 2334
cob=(3)
cfi=(66)
cfn=(418)
calls=778 2917 
0 69078
cob=(1)
cfi=(58)
cfn=(236)
calls=1 34 
0 745
0 782
0 3890
cob=(3)
cfi=(88)
cfn=(404)
calls=778 66 
0 18962
0 778
0 192
cob=(3)
cfi=(88)
cfn=(404)
calls=64 66 
0 1296
cob=(1)
cfi=(58)
cfn=(236)
calls=1 34 
0 767
0 68
0 5894

fn=(528) findNode
0 249
cfn=(530)
calls=3 0 
0 96
0 106
cob=(3)
cfi=(88)
cfn=(404)
calls=20 66 
0 320
0 20
0 80
cfn=(392)
calls=20 0 
0 3508
0 160
cob=(3)
cfi=(82)
cfn=(350)
calls=20 47 
0 462
0 20
0 60
cfn=(442) pop_front
calls=20 0 
0 3446
0 100
cob=(3)
cfi=(91)
cfn=(436)
calls=20 180 
0 840
0 20
0 120
cob=(3)
cfi=(91)
cfn=(436)
calls=20 180 
0 840
0 20
0 120
cob=(3)
cfi=(91)
cfn=(436)
calls=20 180 
0 861
0 20
0 116
cob=(3)
cfi=(91)
cfn=(436)
calls=19 180 
0 456
0 19
0 41
cob=(3)
cfi=(66)
cfn=(418)
calls=1 2917 
0 89
0 1
0 7
cfn=(529) findNode'2
calls=1 0 
0 864
0 417
cob=(3)
cfi=(91)
cfn=(436)
calls=27 180 
0 648
0 27
0 111
cob=(3)
cfi=(66)
cfn=(418)
calls=19 2917 
0 1691
0 19
0 114
cfn=(529)
calls=19 0 
0 18848
0 202

fn=(529)
0 564
cfn=(530)
calls=4 0 
0 128
0 138
cob=(3)
cfi=(88)
cfn=(404)
calls=26 66 
0 416
0 26
0 104
cfn=(392)
calls=26 0 
0 3952
0 208
cob=(3)
cfi=(82)
cfn=(350)
calls=26 47 
0 613
0 26
0 78
cfn=(442)
calls=26 0 
0 4818
0 130
cob=(3)
cfi=(91)
cfn=(436)
calls=26 180 
0 1092
0 26
0 156
cob=(3)
cfi=(91)
cfn=(436)
calls=26 180 
0 1092
0 26
0 156
cob=(3)
cfi=(91)
cfn=(436)
calls=26 180 
0 1092
0 26
0 156
cob=(3)
cfi=(91)
cfn=(436)
calls=26 180 
0 624
0 26
0 482
cob=(3)
cfi=(91)
cfn=(436)
calls=27 180 
0 648
0 27
0 132
cob=(3)
cfi=(66)
cfn=(418)
calls=26 2917 
0 2314
0 26
0 156
cfn=(529)
calls=26 0 
0 9537
0 254

fn=(248)
0 16
cob=(2)
cfi=(14)
cfn=(250)
calls=1 0 
0 6
0 7
cfn=(254)
calls=1 0 
0 15
0 11

fn=(268)
0 13
cob=(3)
cfi=(65) /build/eglibc-oGUzwX/eglibc-2.19/libio/iofopen.c
cfn=(274) fopen@@GLIBC_2.2.5
calls=1 103 
0 59619
cob=(1)
cfi=(58)
cfn=(236)
calls=1 34 
0 752
0 5
0 7
cob=(3)
cfi=(65)
cfn=(274)
calls=1 103 
0 489
0 1
0 8
cfn=(328) createNode
calls=1 0 
0 2852
0 7
cfn=(354) load
calls=1 0 
0 90490
0 3
cob=(3)
cfi=(92)
cfn=(452)
calls=1 40 
0 1029
cob=(1)
cfi=(58)
cfn=(236)
calls=1 34 
0 791
0 5
0 4
cfn=(354)
calls=1 0 
0 488988
0 3
cob=(3)
cfi=(92)
cfn=(452)
calls=1 40 
0 432
0 1
0 3
cfn=(550) removeNode
calls=1 0 
0 2689
0 3

fn=(526)
0 264
cfn=(424) toArray
calls=20 0 
0 46335
0 214
cfn=(528)
calls=19 0 
0 33598
0 44
cfn=(528)
calls=1 0 
0 1540
0 4
cfn=(444) deleteWords
calls=1 0 
0 111
0 57
cfn=(444)
calls=19 0 
0 2109
0 62

fn=(534)
0 60
cfn=(526)
calls=4 0 
0 17648
0 24
cfn=(526)
calls=4 0 
0 18645
0 24
cfn=(530)
calls=4 0 
0 128
0 32
cfn=(536)
calls=4 0 
0 410
0 54
cfn=(540)
calls=2 0 
0 48
0 6
cfn=(550)
calls=2 0 
0 490
0 24
cfn=(548) cp
calls=2 0 
0 1590
cfn=(538)
calls=2 0 
0 864
0 8

fn=(438) insert
0 173
cob=(3)
cfi=(91)
cfn=(436)
calls=6 180 
0 144
0 6
0 27
cfn=(442)
calls=5 0 
0 857
0 25
cfn=(439) insert'2
calls=5 0 
0 6599
0 60
cfn=(328)
calls=2 0 
0 1040
0 14
cfn=(440)
calls=2 0 
0 686
0 6
cfn=(442)
calls=2 0 
0 355
0 10
cfn=(439)
calls=2 0 
0 979
0 14

fn=(439)
0 389
cob=(3)
cfi=(91)
cfn=(436)
calls=11 180 
0 264
0 11
0 43
cfn=(442)
calls=7 0 
0 1085
0 35
cfn=(439)
calls=7 0 
0 7553
0 138
cfn=(328)
calls=6 0 
0 2537
0 42
cfn=(440)
calls=6 0 
0 1688
0 18
cfn=(442)
calls=6 0 
0 1258
0 30
cfn=(439)
calls=6 0 
0 72
0 40

fn=(446) clear
0 588
cob=(3)
cfi=(66)
cfn=(418)
calls=64 2917 
0 5696
0 64
0 198

fn=(476) parseCommand
0 126
cob=(3)
cfi=(66)
cfn=(284) malloc
calls=18 2876 
0 1746
0 18
0 4922
cfn=(390)
calls=39 0 
0 7680
0 5660
cfn=(390)
calls=283 0 
0 104535
0 1014
cob=(3)
cfi=(88)
cfn=(404)
calls=74 66 
0 2440
0 74
0 1288
cob=(3)
cfi=(88)
cfn=(404)
calls=322 66 
0 10162
0 322
0 54
cob=(3)
cfi=(88)
cfn=(404)
calls=18 66 
0 516
0 18
0 1026
cfn=(478)
calls=18 0 
0 164118
0 780
cfn=(446)
calls=39 0 
0 3978
0 252
cob=(3)
cfi=(66)
cfn=(418)
calls=18 2917 
0 1602
0 18
0 72

fn=(542)
0 10
cfn=(526)
calls=1 0 
0 5449
0 8
cfn=(544) _find
calls=1 0 
0 6811
0 2

fn=(544)
0 8
cfn=(530)
calls=1 0 
0 32
0 32
cfn=(545) _find'2
calls=2 0 
0 6720
0 19

ob=(3)
fl=(88)
fn=(404)
66 3409
+1 3409
+1 3409
+1 3409
+1 3409
+1 3409
+1 3409
+2 3409
+2 3409
+30 2817
+1 2817
+1 2817
+1 2817
+1 2817
+1 1691
+1 1691
+4 1126
+1 1126
+1 1126
+1 1126
+1 1126
+1 1126
+1 1126
+1 1126
+1 1126
+1 1126
+1 1126
+1 1126
+5 9008
+4 592
+1 8288
+1 4468
+14 134
+1 134
+1 268
+49 134
+1 134
+1 134
+1 134
+1 134
+1 134
+1 134
+1 134
+16 134
+2 134
+1 1876
+2 134
+1 134
+1 134
+1 134

fl=(65)
fn=(276) __fopen_internal
65 12
+8 2
-8 4
+8 2
cfi=(66)
cfn=(284)
calls=2 2876 
* 58868
cob=(1)
cfi=(58)
cfn=(236)
calls=1 -39 
* 614
* 6
+2 2
-2 2
+2 2
+3 2
+3 10
-3 2
+3 2
cfi=(75)
cfn=(310)
calls=2 643 
* 116
+4 2
+1 2
-1 2
+1 2
cfi=(76)
cfn=(314)
calls=2 +57 
* 190
+4 10
cfi=(76)
cfn=(318)
calls=2 254 
* 224
* 2
+1 2
-1 2
+6 10
-5 2
cfn=(326) __fopen_maybe_mmap
calls=2 -49 
* 8

fn=(326)
42 2
-2 2
+2 2
+15 2

fn=(274)
103 4
cfn=(276)
calls=2 -38 
* 60104

fl=(89)
fn=(410)
32 1
+1 1
+2 1
+1 1
+1 1
+1 1
+1 1

fl=(104)
fn=(594)
36 1
-8 2
+11 2
+1 3
+5 1
-6 2
+82 2

fl=(45)
fn=(174)
49 13

fl=(63)
fn=(264)
26 1
+9 1
+1 2
+1 1
+4 1
+1 1
+1 1
+1 1
+1 1
+2 2
+2 1
+1 1
+3 2
+2 1
+9 1
cfi=(64) /build/eglibc-oGUzwX/eglibc-2.19/setjmp/sigjmp.c
cfn=(266) __sigjmp_save
calls=1 -35 
* 9

fl=(85)
fn=(374)
34 3
-1 3
+1 3
+1 18
+4 3

fl=(64)
fn=(266)
29 2
-1 2
+1 2
+5 3

fl=(73)
fn=(306)
34 2
+8 2
-8 6
+8 9
+4 4
+4 4
+3 1
cfi=(74)
cfn=(308)
calls=1 -22 
* 13
* 2
+4 10
-14 2
cfi=(74)
cfn=(308)
calls=1 -12 
* 13
* 4

fl=(56)
fn=(224)
33 3
+1 1

fl=(40)
fn=(160)
54 1
-9 1
+9 1
+3 1
-3 1
+3 5
+95 2
+1 7
+7 3
+4 2
+2 3
+18 2
+5 1
+1 1
+2 1
+1 2
-9 4
+1 2
+2 2
-17 2
+1 1
+2 2
+1 1
+2 2
31 2
+6 1
-6 1
+7 1
-1 1
+28 1
-27 1
+27 1
-28 1
+2 1
-1 1
+1 1
+26 1
+1 1
-35 4
+35 1
+5 1
-12 1
+12 1
+3 4
185 2
-84 1
-42 1
+42 1
+22 1
-64 1
+68 1

fl=(66)
fn=(398) calloc
3161 1032
+13 3096
-13 1032
+10 2064
-10 3096
+13 2064
+10 2064
+1 2064
+12 10320
+7 1032
+8 1032
-7 2064
+7 2064
+7 3096
cfn=(300) _int_malloc
calls=1032 +83 
* 60268
+3 1032
-3 1032
+3 9288
+16 4128
+4 3096
+52 6192
-41 1032
-3 1032
+3 2064
-14 1032
+14 2064
+11 1032
+1 2064
+1 2064
+2 2064
+8 1032
-3 1032
+1 1032
+1 2064
+1 1032
+4 115
-2 115
+1 115
+1 115
-27 51

fn=(284)
2876 276
+5 138
+1 138
+3 136
+2 544
+4 204
cfn=(300)
calls=68 3302 
* 5194
+1 68
-1 68
+1 68
+11 272
+1 544
+3 340
-24 1
+24 3
-24 1
cfi=(67)
cfn=(286)
calls=1 30 
* 58677

fn=(285)
2876 4
+5 2
+1 2
+3 2
+2 8
+4 3
cfn=(300)
calls=1 3302 
* 1143
+1 1
-1 1
+1 1
+11 4
+1 8
+3 5

fn=(300)
3302 7707
+30 1101
-30 1101
+30 9909
+8 2202
+2 3264
+1 1088
+1 1088
-1 2176
+5 2176
+3 5300
+1 1060
-1 1060
+1 2120
+25 82
+2 82
+1 82
+2 123
+2 2
1862 1063
3743 1063
1862 2126
3806 9909
3423 3
cfn=(302) malloc_consolidate
calls=1 4104 
* 793
* 1
3790 1
4992 2
3790 3
+2 25
4990 1
+2 1
-2 3
3442 2
3790 40
4992 80
3790 120
+2 1000
4990 40
+2 40
-2 120
3442 80
+66 6
+1 9
+1 3
+50 18
+7 3
-6 3
+1 3
+1 3
+1 3
+3 3
3442 132
+3 10
-1 10
+1 20
+1 20
+3 10
+10 40
+34 3
-5 3
+1 3
+4 3
+13 6
-45 10
-1 20
+2 9
-1 18
+4 7
+1 7
+4 7
-3 14
+1 7
+1 14
+1 7
+6 49
+2 14
-2 7
+2 7
+1 7
+3 7
1862 21
3576 68
+73 34
+1 34
+1 34
-1 34
+1 34
+1 68
+1 68
+5 216
+4 99
+3 132
-3 93
+3 124
-3 93
+3 112
-3 56
3765 31
+3 31
-2 93
+2 62
+17 2

ob=(5)
fl=(57)
fn=(545)
0 16
cfn=(530)
calls=2 0 
0 64
0 14
cfn=(546) checkName
calls=2 0 
0 1568
0 12
cfn=(522)
calls=2 0 
0 5028
0 18

fn=(548)
0 20
cfn=(328)
calls=2 0 
0 906
0 12
cfn=(440)
calls=2 0 
0 648
0 4

fn=(392)
0 10320
cob=(3)
cfi=(66)
cfn=(398)
calls=1032 3161 
0 142307
cob=(1)
cfi=(58)
cfn=(236)
calls=1 34 
0 774
0 1036
0 6192

fn=(572) 0x0000000000400900
0 8

fn=(354)
0 2344
cfn=(476)
calls=18 0 
0 312421
cfn=(422) processFilesystem
calls=7 0 
0 33161
0 75
cfn=(446)
calls=25 0 
0 2550
0 2650
cfn=(390)
calls=520 0 
0 200214
0 2080
cob=(3)
cfi=(83)
cfn=(360)
calls=520 35 
0 19240
0 520
0 81
cob=(3)
cfi=(83)
cfn=(360)
calls=27 35 
0 1643
cob=(1)
cfi=(58)
cfn=(236)
calls=1 34 
0 797
0 31
0 1647
cfn=(446)
calls=2 0 
0 18
0 6

fn=(422)
0 49
cfn=(424)
calls=7 0 
0 20213
0 77
cob=(3)
cfi=(91)
cfn=(436)
calls=7 180 
0 168
cob=(1)
cfi=(58)
cfn=(236)
calls=1 34 
0 787
0 11
0 49
cfn=(438)
calls=7 0 
0 10995
0 21
cfn=(444)
calls=7 0 
0 777
0 14

fn=(426) createArray
0 135
cfn=(330)
calls=27 0 
0 2997
0 216

fn=(442)
0 858
cob=(3)
cfi=(66)
cfn=(418)
calls=66 2917 
0 5802
0 66
0 2493
cob=(3)
cfi=(66)
cfn=(418)
calls=27 2917 
0 2387
0 27
0 186

fn=(444)
0 513
cob=(3)
cfi=(66)
cfn=(418)
calls=27 2917 
0 2403
0 27
0 54

fn=(540)
0 132
cob=(3)
cfi=(66)
cfn=(418)
calls=1 2917 
0 89
0 1
0 10

fn=(328)
0 77
cfn=(330)
calls=11 0 
0 3017
0 61
cob=(3)
cfi=(79)
cfn=(340)
calls=1 53 
0 44
cob=(1)
cfi=(58)
cfn=(236)
calls=1 34 
0 767
0 5
0 70
cob=(3)
cfi=(79)
cfn=(340)
calls=10 53 
0 440
0 10
0 55
cob=(3)
cfi=(82)
cfn=(350)
calls=11 47 
0 261
cob=(1)
cfi=(58)
cfn=(236)
calls=1 34 
0 784
0 15
0 22
cfn=(352)
calls=11 0 
0 1652
0 55

fn=(440)
0 144
cfn=(392)
calls=12 0 
0 2220
0 328
cob=(3)
cfi=(66)
cfn=(418)
calls=7 2917 
0 615
0 7
0 218

fn=(546)
0 180
cfn=(547) checkName'2
calls=10 0 
0 1056
0 56
cob=(3)
cfi=(88)
cfn=(404)
calls=8 66 
0 128
0 8
0 6
cob=(3)
cfi=(88)
cfn=(404)
calls=2 66 
0 32
0 2
0 26
cob=(3)
cfi=(88)
cfn=(404)
calls=2 66 
0 64
0 2
0 8

fn=(547)
0 404
cob=(3)
cfi=(88)
cfn=(404)
calls=18 66 
0 576
0 18
0 58

fn=(550)
0 44
cfn=(551) removeNode'2
calls=2 0 
0 2315
0 42
cob=(3)
cfi=(66)
cfn=(418)
calls=3 2917 
0 103
0 3
0 12
cob=(3)
cfi=(66)
cfn=(418)
calls=3 2917 
0 267
0 3
0 9
cob=(3)
cfi=(66)
cfn=(418)
calls=3 2917 
0 372
0 3
0 6

fn=(551)
0 124
cfn=(551)
calls=6 0 
0 3543
0 116
cob=(3)
cfi=(66)
cfn=(418)
calls=8 2917 
0 302
0 8
0 32
cob=(3)
cfi=(66)
cfn=(418)
calls=8 2917 
0 712
0 8
0 24
cob=(3)
cfi=(66)
cfn=(418)
calls=8 2917 
0 965
0 8
0 16

fn=(568)
0 5
cfn=(572)
calls=1 0 
0 8
0 3

fn=(330)
0 343
cob=(3)
cfi=(66)
cfn=(284)
calls=49 2876 
0 6058
cob=(1)
cfi=(58)
cfn=(236)
calls=1 34 
0 775
0 53

ob=(3)
fl=(66)
fn=(300)
3674 24
+2 48
-4 58
+8 5
+3 10
+2 2
+1 2
+1 2
-2 8
+62 2
3355 5300
-23 2
3665 8
+2 2
+1 4
+24 9
+3 6
+5 3
-3 3
+3 3
-3 3
+3 24
+3 6
+3 2
-1 2
+1 6
+12 1
-5 1
+6 2
+11 1
-6 1
+1 1
+1 1
+1 1
+3 1
+1 1
+1 2
+5 7
+2 2
-2 1
+2 1
+1 2
5000 1
2271 4
+11 1
-11 1
+11 1
+87 1
-9 1
+9 1
+9 3
2700 2
+1 1
+5 2
+3 2
+5 1
-3 1
+3 1
-2 1
+5 1
-3 3
+1 1
-1 1
-1 1
+1 2
+1 1
3801 2
1862 3
2272 2
3773 30
-3 30
+1 30
+2 30
-1 30
+1 60
+2 30
-2 90
1862 30
3773 30
+2 30
+3 30
1862 60
2433 1
+19 2
-19 1
+9 1
+10 2
-10 1
+10 1
-10 3
+10 3
+8 1
-8 1
+8 1
+2 4
cfi=(72)
cfn=(304)
calls=1 46 
* 62
* 2
+4 5
+3 2
+1 2
+19 1
+27 2
+1 1
+1 2
+6 1
-6 1
+6 1
+3 6
+42 3
+19 1
+3 2
+1 6
+2 1
-2 1
+2 1
+1 4
cfi=(72)
cfn=(304)
calls=1 46 
* 26
+12 3
+8 2
+1 3
+39 1
+1 1
-2 1
+1 3
+12 1
-12 1
+1 1
+11 1
2527 2
+42 3
2369 2

fn=(420) _int_free
3814 8808
+13 1101
-13 1101
+13 2202
+6 4404
+1 2202
+11 4404
+13 3303
+11 4352
+1 3264
1869 1088
3894 1088
1869 2176
3896 3264
+1 2176
+1 1088
+3 1088
-3 1088
+9 3264
-5 4352
+14 4190
+2 1088
+2 6528
+2 4190
4087 8704
3933 26
+1 39
+18 13
-4 13
+4 26
+6 26
+8 39
+6 26
+1 26
+1 26
1869 39
3983 26
+1 3
+2 3
-1 3
+2 30
+3 26
+5 26
+13 13
-1 13
+2 26
+7 13
-2 13
+1 13
+1 13
+2 1
+1 1
+2 1
+1 1
+2 3
+1 1
+30 2
-34 12
+1 12
+2 36
+1 12
+30 24
3943 91
+2 26
4075 39

ob=(5)
fl=(57)
fn=(330)
0 294

fn=(424)
0 297
cfn=(426)
calls=27 0 
0 3348
0 162
cob=(3)
cfi=(79)
cfn=(340)
calls=27 53 
0 1188
0 27
0 8157
cfn=(428)
calls=59 0 
0 28199
0 425
cob=(3)
cfi=(79)
cfn=(340)
calls=85 53 
0 3740
0 85
0 425
cob=(3)
cfi=(88)
cfn=(404)
calls=85 66 
0 2768
0 85
0 1268
cob=(3)
cfi=(88)
cfn=(404)
calls=317 66 
0 10212
0 317
0 81
cob=(3)
cfi=(88)
cfn=(404)
calls=27 66 
0 800
0 27
0 1001
cfn=(428)
calls=7 0 
0 3720
0 216

fn=(530)
0 182
cob=(3)
cfi=(88)
cfn=(404)
calls=26 66 
0 416
0 26
0 208

fn=(536)
0 172
cob=(3)
cfi=(91)
cfn=(436)
calls=10 180 
0 240
0 10
0 58

ob=(3)
fl=(66)
fn=(420)
4076 39
+1 52
+10 104
-88 26
-39 39
-2 26

fn=(302)
4104 8
+22 2
4996 1
4126 3
1785 1
+3 3
-3 128
+3 378
-3 252
+7 3
+5 1
+2 1
-2 1
4199 8
1796 3

fn=(418)
2917 2216
+1 2216
+6 2216
+5 1101
-2 1101
+2 2202
+16 3303
+1 2202
cfn=(420)
calls=1101 3814 
* 81581
2827 7

fl=(48)
fn=(204)
52 8
+6 3
+14 1
fi=(49) /build/eglibc-oGUzwX/eglibc-2.19/csu/../sysdeps/generic/dl-hash.h
-28 1
fe=(48)
+26 1
+1 1
fi=(50) /build/eglibc-oGUzwX/eglibc-2.19/csu/../sysdeps/unix/sysv/linux/x86_64/init-first.c
-33 1
fi=(49)
+7 1
fi=(50)
-7 1
fe=(48)
+34 1
fi=(50)
-34 2
fi=(49)
+5 1
+5 3
+1 2
+13 2
-17 3
+3 9
+1 6
+13 6
-17 9
+22 1
fi=(50)
-29 2
+2 2
-2 1
+2 2
cfi=(43)
cfn=(166)
calls=1 -13 
* 7
+1 2
+5 2
-3 2
+1 1
+2 1
cfi=(43)
cfn=(166)
calls=1 -19 
* 7
fe=(48)
+40 1
fi=(50)
-36 1
fe=(48)
+36 2
fi=(50)
-36 2
+1 2
+1 1
fe=(48)
+34 1
cfi=(51)
cfn=(210)
calls=1 -56 
* 48
+8 1
cfi=(53)
cfn=(214)
calls=1 -63 
* 16
+5 6
-34 1
-7 1
+7 4
fi=(50)
-23 2
fe=(48)

fl=(52)
fn=(212)
24 1
+1 1
+1 1
+1 1
+1 1
+1 1
+1 1
+1 1
+1 1
+1 1
+1 1
+1 1
+1 1
+1 1
+1 1
+1 1
+1 1
+1 1
+1 1
+1 1
+1 1

ob=(5)
fl=(57)
fn=(536)
0 32

ob=(3)
fl=(52)
fn=(212)
45 1
+1 1
+1 1

fl=(43)
fn=(166)
27 4
-1 4
+1 4
+4 8
-3 8

ob=(5)
fl=(57)
fn=(536)
0 8

fn=(228)
0 11
cob=(3)
cfi=(60)
cfn=(242)
calls=1 133 
0 651011
cob=(1)
cfi=(58)
cfn=(236)
calls=1 34 
0 932
0 5

ob=(4)
fl=(47)
fn=(196)
0 16

fn=(580)
0 8
cob=(3)
cfi=(103)
cfn=(592)
calls=1 31 
0 59
cob=(1)
cfi=(58)
cfn=(236)
calls=1 34 
0 684
0 5
0 1
cfn=(598) 0x0000000000000630
calls=1 0 
0 9
0 3

fn=(598)
0 9

totals: 749047
